Result Studio Bloc Masters 2019 (Qualifikation)
Time: 23.03.2019 - 19:37
male
1 Jongwon Chon [KOR]
79[44] 77[44] 76[44] 75[44] 74[44] 72[44] 71[44] 70[44] 69[44] 68[44] 67[44] 65[44] 63[44] 61[44] 80[40] 78[40] 73[40] 66[40] 64[40] 62[40] 856 P.
2 Jakob Schubert [AUT]
80[44] 78[44] 77[44] 75[44] 74[44] 73[44] 72[44] 71[44] 70[44] 69[44] 68[44] 61[44] 79[40] 76[40] 67[40] 66[40] 65[40] 64[40] 63[40] 62[40] 848 P.
2 Vadim Timonov [RUS]
79[44] 77[44] 76[44] 75[44] 73[44] 72[44] 71[44] 70[44] 69[44] 68[44] 63[44] 61[44] 80[40] 78[40] 74[40] 67[40] 66[40] 65[40] 64[40] 62[40] 848 P.
4 Jernej Kruder [SLO]
80[44] 79[44] 78[44] 77[44] 76[44] 75[44] 74[44] 72[44] 71[44] 70[44] 69[44] 68[44] 73[40] 66[40] 65[40] 64[40] 63[40] 62[40] 61[40] 59[33] 841 P.
5 Tomoaki Takata [JPN]
79[44] 77[44] 76[44] 75[44] 73[44] 72[44] 71[44] 68[44] 65[44] 61[44] 80[40] 78[40] 74[40] 70[40] 69[40] 67[40] 66[40] 64[40] 63[40] 62[40] 840 P.
6 Sean McColl [CAN]
79[44] 78[44] 77[44] 76[44] 75[44] 74[44] 73[44] 72[44] 71[44] 70[44] 69[44] 68[44] 61[44] 80[40] 66[40] 65[40] 64[40] 63[40] 58[33] 55[33] 838 P.
7 Gregor Vezonik [SLO]
77[44] 76[44] 75[44] 74[44] 73[44] 72[44] 71[44] 70[44] 69[44] 68[44] 66[44] 80[40] 79[40] 78[40] 67[40] 65[40] 64[40] 63[40] 61[40] 44[33] 837 P.
8 Anže Peharc [SLO]
79[44] 78[44] 77[44] 76[44] 75[44] 74[44] 73[44] 72[44] 71[44] 70[44] 68[44] 66[44] 65[44] 63[44] 80[40] 69[40] 61[40] 59[33] 58[33] 45[33] 835 P.
9 Serhii Topishko [UKR]
77[44] 76[44] 75[44] 74[44] 72[44] 69[44] 68[44] 66[44] 65[44] 61[44] 79[40] 78[40] 73[40] 71[40] 70[40] 64[40] 63[40] 62[40] 52[33] 48[33] 826 P.
10 Jan Luca Posch [AUT]
76[44] 75[44] 74[44] 72[44] 71[44] 70[44] 68[44] 66[44] 61[44] 80[40] 79[40] 78[40] 77[40] 73[40] 69[40] 65[40] 64[40] 63[40] 60[33] 51[33] 822 P.
11 Keita Dohi [JPN]
77[44] 76[44] 75[44] 74[44] 73[44] 72[44] 71[44] 70[44] 68[44] 65[44] 80[40] 79[40] 78[40] 69[40] 66[40] 63[40] 61[40] 60[33] 56[33] 41[33] 819 P.
12 Yuji Fujiwaki [JPN]
77[44] 76[44] 74[44] 73[44] 71[44] 68[44] 80[40] 79[40] 78[40] 75[40] 72[40] 70[40] 69[40] 66[40] 65[40] 64[40] 63[40] 62[40] 61[40] 60[33] 817 P.
13 Zan Sudar [SLO]
79[44] 78[44] 76[44] 75[44] 74[44] 72[44] 70[44] 68[44] 61[44] 77[40] 73[40] 71[40] 69[40] 66[40] 65[40] 64[40] 63[40] 52[33] 44[33] 42[33] 815 P.
14 Ali Baratzadeh [IRI]
76[44] 75[44] 74[44] 70[44] 68[44] 66[44] 61[44] 79[40] 78[40] 77[40] 73[40] 72[40] 71[40] 69[40] 65[40] 64[40] 63[40] 62[40] 59[33] 49[33] 814 P.
15 Nathan Phillips [GBR]
77[44] 76[44] 75[44] 74[44] 72[44] 71[44] 70[44] 69[44] 68[44] 61[44] 79[40] 78[40] 73[40] 66[40] 65[40] 63[40] 59[33] 58[33] 54[33] 47[33] 812 P.
15 Nicolai Uznik [AUT]
79[44] 77[44] 76[44] 74[44] 72[44] 71[44] 70[44] 69[44] 68[44] 61[44] 78[40] 75[40] 66[40] 65[40] 64[40] 63[40] 58[33] 56[33] 47[33] 46[33] 812 P.
17 Sascha Lehmann [SUI]
77[44] 76[44] 75[44] 74[44] 72[44] 70[44] 68[44] 61[44] 80[40] 79[40] 78[40] 73[40] 71[40] 69[40] 66[40] 65[40] 63[40] 59[33] 58[33] 51[33] 811 P.
18 Evgenii Zazulin [RUS]
80[44] 79[44] 76[44] 75[44] 74[44] 71[44] 78[40] 77[40] 73[40] 72[40] 70[40] 69[40] 68[40] 66[40] 65[40] 64[40] 62[40] 61[40] 53[33] 49[33] 810 P.
19 Alfons Dornauer [AUT]
78[44] 77[44] 76[44] 72[44] 70[44] 69[44] 68[44] 66[44] 80[40] 79[40] 75[40] 74[40] 71[40] 65[40] 63[40] 61[40] 59[33] 52[33] 49[33] 44[33] 804 P.
19 Domen Skofic [SLO]
77[44] 76[44] 75[44] 74[44] 72[44] 71[44] 70[44] 68[44] 80[40] 79[40] 78[40] 73[40] 66[40] 65[40] 63[40] 61[40] 60[33] 58[33] 56[33] 47[33] 804 P.
21 Yannick Flohe [GER]
76[44] 74[44] 70[44] 66[44] 79[40] 78[40] 77[40] 75[40] 73[40] 72[40] 71[40] 69[40] 68[40] 67[40] 65[40] 64[40] 63[40] 61[40] 58[33] 55[33] 802 P.
climbercontest.de
Page 1/16
Result Studio Bloc Masters 2019 (Qualifikation)
Time: 23.03.2019 - 19:37
male
22 Loic Timmermans [BEL]
78[44] 77[44] 76[44] 74[44] 73[44] 71[44] 70[44] 68[44] 79[40] 75[40] 72[40] 69[40] 66[40] 65[40] 61[40] 59[33] 58[33] 51[33] 47[33] 45[33] 797 P.
23 Billy Ridal [GBR]
78[44] 76[44] 75[44] 73[44] 72[44] 70[44] 68[44] 79[40] 77[40] 74[40] 71[40] 69[40] 66[40] 65[40] 61[40] 58[33] 53[33] 48[33] 42[33] 41[33] 793 P.
23 Jeremy Bonder [FRA]
77[44] 76[44] 74[44] 70[44] 68[44] 66[44] 61[44] 79[40] 78[40] 75[40] 72[40] 71[40] 65[40] 64[40] 63[40] 54[33] 51[33] 49[33] 45[33] 41[33] 793 P.
23 Milan Preskar [SLO]
77[44] 76[44] 75[44] 74[44] 73[44] 70[44] 61[44] 80[40] 79[40] 78[40] 72[40] 71[40] 68[40] 66[40] 65[40] 58[33] 51[33] 47[33] 45[33] 44[33] 793 P.
23 Tim Reuser [NED]
79[44] 77[44] 75[44] 74[44] 71[44] 69[44] 68[44] 78[40] 76[40] 73[40] 72[40] 70[40] 66[40] 65[40] 61[40] 59[33] 58[33] 54[33] 51[33] 47[33] 793 P.
27 Sergei Skorodumov [RUS]
77[44] 76[44] 75[44] 74[44] 72[44] 79[40] 78[40] 73[40] 71[40] 70[40] 69[40] 68[40] 66[40] 65[40] 63[40] 61[40] 56[33] 51[33] 49[33] 41[33] 792 P.
28 Florian Klingler [AUT]
79[44] 78[44] 77[44] 75[44] 74[44] 70[44] 69[44] 68[44] 76[40] 72[40] 71[40] 66[40] 65[40] 63[40] 60[33] 59[33] 58[33] 57[33] 56[33] 55[33] 790 P.
29 Christoph Schweiger [GER]
78[44] 77[44] 76[44] 75[44] 70[44] 68[44] 79[40] 74[40] 73[40] 72[40] 71[40] 66[40] 65[40] 63[40] 61[40] 60[33] 58[33] 54[33] 51[33] 48[33] 789 P.
30 Luka Potocar [SLO]
76[44] 75[44] 74[44] 72[44] 71[44] 70[44] 68[44] 80[40] 79[40] 78[40] 77[40] 69[40] 66[40] 61[40] 59[33] 58[33] 57[33] 56[33] 55[33] 54[33] 786 P.
30 Matic Kotar [SLO]
77[44] 76[44] 75[44] 71[44] 70[44] 65[44] 61[44] 80[40] 79[40] 78[40] 74[40] 72[40] 69[40] 68[40] 66[40] 63[40] 58[33] 47[33] 59[30] 35[22] 786 P.
30 Nicolas Collin [BEL]
80[44] 78[44] 76[44] 73[44] 70[44] 68[44] 61[44] 79[40] 77[40] 75[40] 74[40] 71[40] 69[40] 66[40] 59[33] 58[33] 56[33] 51[33] 47[33] 45[33] 786 P.
33 Don van Laere [NED]
77[44] 76[44] 75[44] 74[44] 73[44] 72[44] 70[44] 68[44] 79[40] 78[40] 71[40] 66[40] 61[40] 60[33] 59[33] 58[33] 51[33] 49[33] 48[33] 45[33] 783 P.
34 Dimitri Vogt [SUI]
77[44] 76[44] 74[44] 72[44] 70[44] 61[44] 79[40] 78[40] 75[40] 71[40] 68[40] 66[40] 65[40] 63[40] 58[33] 52[33] 51[33] 45[33] 42[33] 41[33] 782 P.
34 Kipras Baltrunas [LTU]
77[44] 76[44] 75[44] 72[44] 71[44] 66[44] 79[40] 78[40] 74[40] 73[40] 70[40] 68[40] 65[40] 61[40] 60[33] 59[33] 58[33] 54[33] 51[33] 48[33] 782 P.
36 Kevin Heiniger [SUI]
76[44] 70[44] 68[44] 66[44] 65[44] 79[40] 78[40] 77[40] 75[40] 74[40] 72[40] 71[40] 63[40] 61[40] 60[33] 59[33] 58[33] 51[33] 49[33] 41[33] 778 P.
37 Fredrik Serlachius [SWE]
79[44] 77[44] 76[44] 73[44] 68[44] 80[40] 78[40] 75[40] 74[40] 72[40] 71[40] 70[40] 63[40] 59[33] 58[33] 56[33] 51[33] 47[33] 45[33] 44[33] 771 P.
37 Michiel Nieuwenhuijsen [NED]
76[44] 75[44] 70[44] 68[44] 61[44] 79[40] 78[40] 77[40] 74[40] 71[40] 69[40] 66[40] 65[40] 58[33] 56[33] 54[33] 53[33] 51[33] 45[33] 41[33] 771 P.
39 Frederik Schäfer [GER]
71[44] 79[40] 78[40] 77[40] 76[40] 75[40] 74[40] 73[40] 72[40] 70[40] 68[40] 67[40] 66[40] 65[40] 61[40] 60[33] 59[33] 58[33] 56[33] 55[33] 769 P.
40 Nils Favre [SUI]
78[44] 77[44] 76[44] 75[44] 74[44] 73[44] 72[40] 71[40] 70[40] 66[40] 65[40] 63[40] 59[33] 58[33] 53[33] 51[33] 45[33] 44[33] 42[33] 41[33] 768 P.
41 Elias Arriagada Krüger [GER]
77[44] 76[44] 70[44] 79[40] 78[40] 75[40] 74[40] 72[40] 71[40] 66[40] 65[40] 63[40] 61[40] 59[33] 58[33] 56[33] 54[33] 51[33] 41[33] 60[30] 760 P.
42 Leon Scholl [GER]
77[44] 76[44] 74[44] 71[44] 66[44] 79[40] 78[40] 75[40] 72[40] 70[40] 68[40] 65[40] 58[33] 56[33] 54[33] 51[33] 49[33] 41[33] 59[30] 47[30] 758 P.
climbercontest.de
Page 2/16
Result Studio Bloc Masters 2019 (Qualifikation)
Time: 23.03.2019 - 19:37
male
43 Edvards Gruzitis [LAT]
77[44] 76[44] 75[44] 71[44] 79[40] 78[40] 74[40] 72[40] 70[40] 68[40] 64[40] 59[33] 58[33] 51[33] 49[33] 41[33] 56[30] 53[30] 46[30] 45[30] 741 P.
44 Mats Habermann [GER]
77[44] 76[44] 75[44] 79[40] 78[40] 71[40] 70[40] 68[40] 66[40] 65[40] 63[40] 59[33] 58[33] 49[33] 53[30] 52[30] 51[30] 50[30] 46[30] 43[30] 731 P.
45 Blaser Benjamin [SUI]
77[44] 76[44] 70[44] 79[40] 78[40] 74[40] 72[40] 71[40] 69[40] 68[40] 58[33] 56[33] 53[33] 51[33] 49[33] 47[33] 60[30] 59[30] 52[30] 50[30] 730 P.
46 Jannik Kindermann [GER]
78[44] 72[44] 70[44] 65[44] 79[40] 77[40] 74[40] 73[40] 66[40] 63[40] 58[33] 54[33] 53[33] 51[33] 60[30] 59[30] 48[30] 47[30] 46[30] 41[30] 728 P.
47 Obed Hardmeier [SUI]
76[44] 79[40] 78[40] 77[40] 74[40] 73[40] 72[40] 70[40] 58[33] 56[33] 55[33] 54[33] 51[33] 50[33] 49[33] 47[33] 45[33] 41[33] 60[30] 57[30] 714 P.
48 Nino Grünenfelder [SUI]
76[44] 75[44] 78[40] 77[40] 74[40] 72[40] 70[40] 69[40] 59[33] 58[33] 56[33] 54[33] 53[33] 49[33] 47[33] 45[33] 60[30] 52[30] 51[30] 44[30] 712 P.
49 Mathias Posch [AUT]
68[44] 77[40] 76[40] 75[40] 74[40] 72[40] 71[40] 70[40] 69[40] 61[40] 60[33] 58[33] 56[33] 54[33] 51[33] 49[33] 47[33] 45[33] 37[22] 39[20] 710 P.
50 Julien Clémence [SUI]
76[44] 78[40] 77[40] 75[40] 74[40] 72[40] 63[40] 60[33] 58[33] 54[33] 53[33] 52[33] 51[33] 50[33] 49[33] 47[33] 45[33] 59[30] 48[30] 46[30] 704 P.
50 Tim Würthner [GER]
77[44] 76[44] 75[44] 78[40] 74[40] 70[40] 66[40] 65[40] 58[33] 52[33] 51[33] 49[33] 60[30] 56[30] 54[30] 53[30] 48[30] 47[30] 44[30] 43[30] 704 P.
52 Thomas Sakalenos [BEL]
61[44] 78[40] 77[40] 76[40] 75[40] 73[40] 69[40] 68[40] 59[33] 58[33] 56[33] 55[33] 51[33] 49[33] 48[33] 47[33] 54[30] 50[30] 45[30] 35[22] 700 P.
53 Lasse von Freier [GER]
78[44] 77[44] 76[44] 75[44] 70[44] 79[40] 73[40] 72[40] 71[40] 66[40] 61[40] 59[33] 58[33] 48[33] 51[30] 40[22] 37[22] 35[22] 30[22] 27[22] 699 P.
54 Jakob Nibler [GER]
78[44] 76[44] 74[44] 70[44] 66[44] 79[40] 75[40] 72[40] 71[40] 58[33] 54[33] 51[33] 42[33] 56[30] 53[30] 46[30] 41[30] 35[22] 32[22] 31[22] 698 P.
55 Joris Leipus [LTU]
78[44] 76[44] 75[44] 73[44] 72[44] 79[40] 77[40] 71[40] 70[40] 66[40] 58[33] 54[33] 51[33] 60[30] 46[30] 45[30] 30[22] 27[22] 26[22] 24[22] 697 P.
56 Igor Depoorter [BEL]
75[44] 70[44] 66[44] 79[40] 78[40] 77[40] 76[40] 71[40] 68[40] 59[33] 53[33] 51[33] 50[33] 49[33] 47[33] 45[33] 40[22] 39[22] 38[22] 37[22] 691 P.
56 Markus Jung [GER]
77[40] 76[40] 75[40] 74[40] 71[40] 70[40] 68[40] 67[40] 65[40] 61[40] 58[33] 53[33] 52[33] 51[33] 45[33] 54[30] 49[30] 40[22] 39[22] 35[22] 691 P.
58 Bozhidar Lyubenov [BUL]
78[44] 76[44] 75[44] 77[40] 71[40] 70[40] 66[40] 65[40] 56[33] 54[33] 46[33] 51[30] 49[30] 47[30] 45[30] 44[30] 43[30] 42[30] 37[22] 33[22] 685 P.
58 Elko Schellingerhout [NED]
76[44] 75[44] 71[44] 70[44] 65[44] 79[40] 77[40] 74[40] 73[40] 58[33] 56[33] 51[33] 47[33] 42[33] 54[30] 40[22] 39[22] 37[22] 35[22] 24[22] 685 P.
58 Max Goldmann [GER]
79[40] 77[40] 76[40] 75[40] 73[40] 71[40] 70[40] 58[33] 56[33] 54[33] 51[33] 49[33] 60[30] 59[30] 53[30] 52[30] 48[30] 47[30] 45[30] 44[30] 685 P.
58 Nathan Whaley [GBR]
77[44] 76[44] 71[44] 70[44] 79[40] 78[40] 75[40] 74[40] 72[40] 64[40] 59[33] 58[33] 56[33] 51[33] 44[33] 54[30] 52[30] 38[22] 23[22] . 685 P.
62 Paul Brand [NED]
76[44] 72[44] 70[44] 78[40] 77[40] 75[40] 68[40] 65[40] 59[33] 58[33] 51[33] 49[33] 47[33] 57[30] 54[30] 50[30] 45[30] 39[22] 37[22] 30[22] 683 P.
63 Bastien Stürmer [GER]
69[44] 65[44] 76[40] 72[40] 67[40] 64[40] 61[40] 60[33] 56[33] 49[33] 46[33] 45[33] 58[30] 53[30] 51[30] 43[30] 42[30] 41[30] 39[22] 37[22] 677 P.
climbercontest.de
Page 3/16
Result Studio Bloc Masters 2019 (Qualifikation)
Time: 23.03.2019 - 19:37
male
64 Maik Dreymüller [GER]
76[44] 61[44] 72[40] 70[40] 66[40] 65[40] 58[33] 56[33] 42[33] 41[33] 60[30] 59[30] 54[30] 53[30] 51[30] 50[30] 48[30] 45[30] 44[30] 40[22] 672 P.
65 Samuel Schirra [GER]
76[44] 78[40] 77[40] 74[40] 71[40] 70[40] 65[40] 60[33] 58[33] 53[33] 51[33] 59[30] 57[30] 54[30] 46[30] 43[30] 42[30] 41[30] 40[22] 39[22] 670 P.
66 Fazal Farooq [PAK]
79[40] 77[40] 70[40] 69[40] 66[40] 61[40] 60[30] 59[30] 58[30] 57[30] 56[30] 55[30] 51[30] 50[30] 48[30] 47[30] 45[30] 44[30] 42[30] 41[30] 660 P.
67 Jonas Ecker [GER]
78[40] 77[40] 76[40] 72[40] 66[40] 59[33] 58[33] 54[33] 53[33] 51[33] 45[33] 41[33] 60[30] 52[30] 50[30] 47[30] 46[30] 44[30] 40[22] 39[22] 655 P.
68 Mischa Radt [NED]
76[44] 71[44] 70[44] 68[44] 77[40] 75[40] 72[40] 58[33] 56[33] 54[33] 53[33] 50[33] 49[33] 60[30] 59[30] 47[30] 37[22] 35[22] 17[11] 16[11] 650 P.
69 Iwan Pasveer [NED]
77[40] 76[40] 75[40] 72[40] 70[40] 58[33] 54[33] 53[33] 51[33] 46[33] 44[33] 50[30] 49[30] 47[30] 45[30] 42[30] 35[22] 34[22] 32[22] 23[22] 636 P.
70 Stefano Collin [ITA]
77[44] 79[40] 75[40] 74[40] 70[40] 68[40] 41[33] 60[30] 58[30] 56[30] 55[30] 54[30] 53[30] 49[30] 47[30] 40[22] 39[22] 38[22] 37[22] 36[22] 627 P.
71 Paul Neumann [GER]
78[40] 77[40] 76[40] 75[40] 70[40] 66[40] 58[33] 56[30] 54[30] 53[30] 51[30] 46[30] 45[30] 43[30] 34[22] 33[22] 30[22] 26[22] 24[22] 40[20] 613 P.
71 Theo Ward [GBR]
76[40] 72[40] 58[33] 54[33] 53[33] 60[30] 56[30] 55[30] 52[30] 51[30] 50[30] 49[30] 48[30] 47[30] 44[30] 43[30] 42[30] 41[30] 36[22] 35[22] 613 P.
73 Jannis Deuring [GER]
78[40] 77[40] 76[40] 75[40] 71[40] 66[40] 58[33] 56[33] 53[33] 51[33] 59[30] 50[30] 49[30] 48[30] 42[30] 39[22] 36[22] 29[22] 28[22] . 610 P.
74 David Dongus [GER]
78[44] 66[44] 77[40] 76[40] 58[33] 53[33] 50[33] 45[33] 59[30] 51[30] 46[30] 43[30] 42[30] 39[22] 38[22] 35[22] 34[22] 33[22] 32[22] 28[22] 604 P.
75 Arnaud Ansion [BEL]
76[44] 75[44] 74[40] 70[40] 59[33] 58[33] 54[33] 49[33] 47[33] 45[33] 53[30] 50[30] 40[22] 39[22] 37[22] 35[22] 32[22] 28[22] 27[22] 22[22] 602 P.
76 Silas Ertan [GER]
78[40] 76[40] 75[40] 73[40] 58[33] 57[33] 54[33] 53[33] 45[33] 60[30] 51[30] 48[30] 46[30] 39[22] 37[22] 34[22] 31[22] 30[22] 26[22] 24[22] 599 P.
77 Samuel Frank [GER]
77[44] 76[44] 72[44] 78[40] 75[40] 74[40] 58[33] 41[33] 54[30] 53[30] 40[22] 35[22] 33[22] 31[22] 30[22] 29[22] 27[22] 26[22] 24[22] 22[22] 598 P.
78 Paul Kramkowski [GER]
78[40] 75[40] 66[40] 60[33] 58[33] 53[33] 41[33] 57[30] 56[30] 55[30] 54[30] 52[30] 51[30] 49[30] 39[22] 37[22] 31[22] 30[22] 29[22] 27[22] 594 P.
79 Kevin Lee [GER]
78[40] 77[40] 76[40] 72[40] 70[40] 54[33] 60[30] 59[30] 58[30] 53[30] 51[30] 46[30] 45[30] 40[22] 28[22] 27[22] 24[22] 23[22] 34[20] 25[20] 593 P.
80 Michel Siedler [GER]
78[40] 77[40] 72[40] 66[40] 58[33] 55[30] 54[30] 53[30] 51[30] 46[30] 45[30] 42[30] 41[30] 40[22] 39[22] 38[22] 37[22] 33[22] 32[22] 30[22] 587 P.
81 Jakob Schäfer [GER]
79[40] 78[40] 77[40] 76[40] 75[40] 74[40] 72[40] 66[40] 59[33] 51[33] 54[30] 45[30] 37[22] 30[22] 34[20] 23[20] 20[11] 18[11] 15[11] 12[11] 574 P.
81 Peter Schwab [RSA]
76[40] 74[40] 63[40] 61[40] 58[33] 51[33] 60[30] 59[30] 50[30] 49[30] 47[30] 46[30] 45[30] 41[30] 34[22] 25[22] 24[22] 39[20] 16[11] 11[11] 574 P.
83 Luca Jung [GER]
78[40] 76[40] 75[40] 65[40] 58[33] 51[33] 49[33] 54[30] 53[30] 46[30] 40[22] 39[22] 38[22] 37[22] 32[22] 30[22] 28[22] 24[22] 23[22] 22[22] 569 P.
84 Simon Padin [ARG]
77[40] 51[33] 47[33] 60[30] 59[30] 58[30] 56[30] 54[30] 53[30] 50[30] 49[30] 48[30] 42[30] 41[30] 40[22] 35[22] 33[22] 32[22] 28[22] 24[22] 568 P.
climbercontest.de
Page 4/16
Result Studio Bloc Masters 2019 (Qualifikation)
Time: 23.03.2019 - 19:37
male
85 Paul Klein [GER]
77[40] 76[40] 66[40] 58[33] 53[33] 51[33] 52[30] 46[30] 45[30] 42[30] 41[30] 39[22] 37[22] 34[22] 33[22] 32[22] 30[22] 29[22] 28[22] 27[22] 567 P.
86 Leander Carmanns [GER]
77[40] 76[40] 75[40] 63[40] 58[33] 49[33] 59[30] 53[30] 45[30] 41[30] 40[22] 39[22] 37[22] 33[22] 31[22] 30[22] 27[22] 24[22] 22[22] 21[22] 566 P.
87 Dominik Brack [GER]
76[40] 66[40] 65[40] 58[33] 51[33] 59[30] 53[30] 49[30] 47[30] 46[30] 41[30] 40[22] 36[22] 35[22] 32[22] 31[22] 28[22] 25[22] 24[22] 22[22] 564 P.
88 Frederik Viberg Christiansen [DEN]
66[44] 77[40] 76[40] 75[40] 58[33] 59[30] 54[30] 53[30] 47[30] 46[30] 40[22] 35[22] 31[22] 30[22] 28[22] 24[22] 23[22] 39[20] 34[20] 26[20] 561 P.
89 Leto Cave [NED]
77[40] 76[40] 75[40] 72[40] 68[40] 60[30] 58[30] 56[30] 53[30] 50[30] 49[30] 40[20] 38[20] 37[20] 35[20] 33[20] 30[20] 28[20] 27[20] 22[20] 560 P.
90 Thomas Nibler [GER]
77[40] 76[40] 70[40] 58[33] 56[33] 51[33] 59[30] 54[30] 53[30] 40[22] 39[22] 38[22] 37[22] 35[22] 31[22] 30[22] 28[22] 27[22] 25[22] 23[22] 551 P.
91 Sebastian Lucke [GER]
78[40] 77[40] 76[40] 66[40] 59[33] 58[33] 51[33] 54[30] 40[22] 39[22] 37[22] 35[22] 34[22] 33[22] 28[22] 27[22] 23[22] 22[22] 36[20] 25[20] 549 P.
92 Lucas Schütte [GER]
78[40] 76[40] 70[40] 58[33] 41[33] 54[30] 53[30] 46[30] 45[30] 40[22] 39[22] 38[22] 37[22] 33[22] 30[22] 28[22] 27[22] 23[22] 22[22] 21[20] 546 P.
93 Tahsin Sarp Sahin [TUR]
76[40] 75[40] 71[40] 56[33] 51[33] 59[30] 53[30] 46[30] 41[30] 39[22] 38[22] 35[22] 30[22] 28[22] 27[22] 25[22] 22[22] 21[22] 36[20] 34[20] 544 P.
94 Paul Udo Zschaler [GER]
76[40] 60[30] 58[30] 54[30] 53[30] 51[30] 50[30] 47[30] 45[30] 42[30] 41[30] 40[22] 39[22] 38[22] 37[22] 33[22] 31[22] 30[22] 25[22] 24[22] 538 P.
95 Victor Sebros [GRE]
77[44] 75[40] 58[33] 51[33] 59[30] 49[30] 48[30] 47[30] 40[22] 39[22] 38[22] 37[22] 35[22] 30[22] 28[22] 27[22] 24[22] 23[22] 22[22] 21[22] 534 P.
96 Dario Jost [SUI]
77[40] 76[40] 58[33] 51[33] 49[33] 53[30] 47[30] 45[30] 40[22] 39[22] 38[22] 37[22] 35[22] 33[22] 30[22] 29[22] 28[22] 27[22] 24[22] 22[22] 533 P.
97 Moritz Muß [GER]
77[44] 76[40] 58[33] 51[33] 59[30] 54[30] 53[30] 41[30] 40[22] 39[22] 38[22] 37[22] 31[22] 30[22] 28[22] 26[22] 24[22] 23[22] 22[22] 34[20] 532 P.
98 Robin Philippi [GER]
78[40] 76[40] 58[30] 54[30] 53[30] 50[30] 42[30] 40[22] 39[22] 38[22] 37[22] 33[22] 31[22] 30[22] 28[22] 27[22] 26[22] 23[22] 22[22] 21[22] 516 P.
99 Zo Ebelt [GER]
78[40] 76[40] 75[40] 58[33] 53[30] 46[30] 40[22] 39[22] 37[22] 34[22] 33[22] 31[22] 30[22] 27[22] 24[22] 23[22] 22[22] 32[20] 29[20] 26[20] 515 P.
100 Johannes Mertz [GER]
76[40] 66[40] 58[33] 51[33] 60[30] 59[30] 54[30] 53[30] 46[30] 41[30] 39[22] 31[22] 30[22] 24[22] 36[20] 34[20] 23[20] 20[11] 18[11] 11[11] 507 P.
101 Lukas Grimbach [GER]
77[40] 75[40] 58[33] 60[30] 54[30] 51[30] 45[30] 40[22] 39[22] 37[22] 28[22] 26[22] 38[20] 36[20] 34[20] 33[20] 32[20] 31[20] 24[20] 22[20] 503 P.
102 Torben van Kolfschoten [NED]
76[44] 51[33] 59[30] 58[30] 54[30] 53[30] 40[22] 39[22] 36[22] 33[22] 32[22] 31[22] 30[22] 27[22] 25[22] 22[22] 21[22] 38[20] 37[20] 24[20] 499 P.
103 Luca Romito [LUX]
76[40] 70[40] 59[30] 52[30] 51[30] 47[30] 40[22] 39[22] 38[22] 35[22] 33[22] 26[22] 24[22] 37[20] 32[20] 30[20] 28[20] 25[20] 23[20] 22[20] 494 P.
103 Mikola Byelov [NED]
78[44] 70[44] 68[44] 76[40] 75[40] 71[40] 37[22] 35[22] 32[22] 30[22] 28[22] 27[22] 25[22] 24[22] 18[11] 15[11] 8[11] 7[11] 6[11] 1[11] 494 P.
105 Ynze Visser [NED]
76[44] 59[33] 58[33] 51[33] 40[22] 39[22] 38[22] 37[22] 36[22] 33[22] 32[22] 28[22] 27[22] 26[22] 24[22] 23[22] 22[22] 21[22] 34[20] 31[20] 491 P.
climbercontest.de
Page 5/16
Result Studio Bloc Masters 2019 (Qualifikation)
Time: 23.03.2019 - 19:37
male
106 Linus Weinbrenner [GER]
76[40] 75[40] 58[30] 54[30] 53[30] 40[22] 39[22] 38[22] 36[22] 32[22] 30[22] 28[22] 27[22] 26[22] 23[22] 37[20] 34[20] 31[20] 29[20] 22[20] 490 P.
107 Antonis Anifantakis [GRE]
58[33] 53[33] 41[33] 54[30] 51[30] 40[22] 38[22] 37[22] 36[22] 33[22] 32[22] 31[22] 30[22] 29[22] 28[22] 27[22] 22[22] 21[22] 39[20] 23[20] 485 P.
108 Yannick Nagel [GER]
51[33] 58[30] 57[30] 53[30] 43[30] 41[30] 40[22] 38[22] 36[22] 35[22] 33[22] 31[22] 30[22] 27[22] 21[22] 39[20] 34[20] 32[20] 24[20] 22[20] 481 P.
109 Emil Zimmermann [GER]
78[40] 76[40] 72[40] 58[33] 53[30] 40[22] 39[22] 38[22] 33[22] 30[22] 28[22] 27[22] 25[22] 22[22] 21[22] 32[20] 24[20] 15[11] 13[11] 7[11] 476 P.
109 Ricardo Lapuente de Ojeda [ESP]
51[33] 47[33] 58[30] 41[30] 39[22] 38[22] 37[22] 35[22] 33[22] 31[22] 30[22] 29[22] 28[22] 27[22] 25[22] 24[22] 23[22] 22[22] 21[22] 32[20] 476 P.
111 Klavs Germanis [LAT]
77[40] 75[40] 74[40] 70[40] 58[33] 47[33] 53[30] 40[22] 37[22] 33[22] 28[22] 27[22] 24[22] 22[22] 21[22] 39[20] 16[11] 11[11] . . 474 P.
112 Sarunas Oberauskas [LTU]
41[33] 58[30] 54[30] 53[30] 51[30] 40[22] 39[22] 38[22] 37[22] 36[22] 35[22] 34[22] 31[22] 30[22] 28[22] 27[22] 21[22] 26[20] 22[20] 11[11] 468 P.
113 Timo Waldecker [GER]
78[40] 58[30] 53[30] 51[30] 46[30] 40[22] 39[22] 38[22] 37[22] 31[22] 30[22] 24[22] 21[22] 35[20] 33[20] 32[20] 27[20] 26[20] 23[20] 20[11] 467 P.
114 Dzmitry Hlindzich [BLR]
59[33] 58[33] 54[30] 53[30] 40[22] 39[22] 38[22] 36[22] 33[22] 31[22] 30[22] 28[22] 22[22] 21[22] 37[20] 34[20] 32[20] 27[20] 25[20] 23[20] 466 P.
114 Matthias Siegler [GER]
76[40] 58[30] 53[30] 40[22] 39[22] 38[22] 37[22] 33[22] 32[22] 31[22] 30[22] 29[22] 27[22] 25[22] 23[22] 22[22] 36[20] 34[20] 26[20] 21[20] 466 P.
114 Sebastian Jordan [GER]
58[33] 51[33] 53[30] 40[22] 39[22] 38[22] 37[22] 33[22] 32[22] 31[22] 30[22] 29[22] 28[22] 27[22] 26[22] 25[22] 24[22] 22[22] 36[20] 35[20] 466 P.
114 Tom Franke [GER]
58[33] 51[33] 59[30] 53[30] 40[22] 39[22] 37[22] 35[22] 33[22] 31[22] 30[22] 27[22] 24[22] 22[22] 38[20] 36[20] 34[20] 32[20] 28[20] 23[20] 466 P.
118 Iacopo Perelli Cazzola [ITA]
58[33] 53[30] 45[30] 42[30] 40[22] 38[22] 37[22] 36[22] 33[22] 30[22] 27[22] 24[22] 22[22] 21[22] 39[20] 35[20] 31[20] 29[20] 28[20] 25[20] 463 P.
119 Tom Dieschburg [LUX]
76[44] 58[30] 53[30] 46[30] 38[22] 37[22] 31[22] 30[22] 28[22] 25[22] 22[22] 21[22] 39[20] 35[20] 34[20] 32[20] 26[20] 24[20] 23[20] 20[11] 461 P.
120 Garcia Frigo [ITA]
77[40] 58[33] 59[30] 54[30] 53[30] 51[30] 41[30] 39[22] 38[22] 37[22] 30[22] 27[22] 25[22] 40[20] 36[20] 29[20] 18[11] 15[11] 11[11] 10[11] 459 P.
121 Tobias Moser [GER]
58[30] 53[30] 51[30] 40[22] 39[22] 37[22] 36[22] 35[22] 33[22] 30[22] 29[22] 28[22] 27[22] 25[22] 23[22] 21[22] 38[20] 34[20] 32[20] 31[20] 456 P.
122 Nils Buchwaldt [GER]
58[30] 54[30] 51[30] 47[30] 39[22] 37[22] 33[22] 31[22] 30[22] 28[22] 27[22] 25[22] 23[22] 22[22] 21[22] 40[20] 38[20] 35[20] 26[20] 20[11] 453 P.
122 Simon Hübschen [GER]
58[33] 51[33] 53[30] 41[30] 40[22] 39[22] 37[22] 32[22] 31[22] 30[22] 28[22] 27[22] 38[20] 36[20] 33[20] 25[20] 23[20] 22[20] 21[20] 20[11] 453 P.
124 Eric Grabo [GER]
76[40] 58[33] 53[30] 46[30] 40[22] 39[22] 38[22] 37[22] 34[22] 33[22] 32[22] 30[22] 28[22] 23[22] 21[22] 31[20] 29[20] 18[11] 17[11] 12[11] 448 P.
125 Lukas Lindner [GER]
53[33] 58[30] 45[30] 40[22] 33[22] 30[22] 29[22] 27[22] 22[22] 21[22] 39[20] 38[20] 37[20] 36[20] 34[20] 32[20] 31[20] 26[20] 24[20] 23[20] 447 P.
125 Markus Zdrojewski [GER]
58[33] 53[30] 51[30] 40[22] 37[22] 35[22] 30[22] 28[22] 27[22] 22[22] 39[20] 38[20] 36[20] 34[20] 33[20] 32[20] 31[20] 29[20] 24[20] 23[20] 447 P.
climbercontest.de
Page 6/16
Result Studio Bloc Masters 2019 (Qualifikation)
Time: 23.03.2019 - 19:37
male
127 Daniel Augusto [POR]
58[33] 53[33] 51[33] 46[30] 38[22] 37[22] 36[22] 35[22] 33[22] 31[22] 30[22] 28[22] 27[22] 24[22] 23[22] 39[20] 32[20] 19[11] 18[11] 16[11] 444 P.
128 Ilker Altinbas [TUR]
76[40] 66[40] 60[30] 40[22] 39[22] 37[22] 31[22] 30[22] 27[22] 26[22] 23[22] 38[20] 34[20] 33[20] 32[20] 29[20] 28[20] 20[11] 18[11] 16[11] 439 P.
128 Jakob Raab [GER]
58[33] 53[30] 51[30] 40[22] 39[22] 38[22] 37[22] 34[22] 33[22] 31[22] 29[22] 27[22] 26[22] 25[22] 21[22] 28[20] 24[20] 23[20] 16[11] 12[11] 439 P.
130 Patrick Schuster [GER]
53[33] 42[30] 41[30] 40[22] 39[22] 38[22] 37[22] 33[22] 32[22] 31[22] 30[22] 27[22] 22[22] 29[20] 28[20] 24[20] 23[20] 21[20] 20[11] 15[11] 435 P.
131 Simon Kolb [GER]
58[30] 53[30] 42[30] 40[22] 39[22] 38[22] 37[22] 33[22] 30[22] 27[22] 22[22] 21[22] 31[20] 29[20] 28[20] 25[20] 24[20] 23[20] 20[11] 15[11] 430 P.
132 Mário Ribeiro [POR]
76[40] 58[33] 59[30] 54[30] 53[30] 52[30] 51[30] 50[30] 41[30] 39[22] 37[22] 33[22] 28[22] 27[22] 20[11] 16[11] 15[11] . . . 426 P.
133 Felix Smarsly [GER]
53[33] 58[30] 51[30] 40[22] 39[22] 37[22] 35[22] 31[22] 30[22] 28[22] 22[22] 38[20] 36[20] 32[20] 29[20] 27[20] 24[20] 6[11] 5[11] 1[11] 422 P.
133 Jens Signer [SUI]
58[33] 53[30] 51[30] 40[22] 39[22] 37[22] 33[22] 31[22] 30[22] 27[22] 22[22] 34[20] 32[20] 26[20] 25[20] 23[20] 21[20] 20[11] 19[11] 18[11] 422 P.
133 Philipp Kutschmann [GER]
58[33] 53[30] 41[30] 40[22] 39[22] 38[22] 33[22] 30[22] 28[22] 27[22] 21[22] 37[20] 34[20] 31[20] 29[20] 23[20] 22[20] 20[11] 15[11] 12[11] 422 P.
136 Dominik Haertl [AUT]
76[44] 75[44] 74[44] 70[44] 66[44] 78[40] 77[40] 71[40] 68[40] 43[30] 4[11] . . . . . . . . . 421 P.
137 Timo Steinert [GER]
58[30] 40[22] 38[22] 37[22] 36[22] 35[22] 33[22] 32[22] 30[22] 27[22] 25[22] 24[22] 22[22] 21[22] 39[20] 31[20] 28[20] 23[20] 20[11] 19[11] 418 P.
138 Jakob Schiefer [GER]
58[30] 54[30] 53[30] 42[30] 41[30] 40[22] 38[22] 37[22] 33[22] 30[22] 21[22] 39[20] 36[20] 34[20] 32[20] 20[11] 18[11] 16[11] 15[11] 13[11] 417 P.
139 Henri Breuer [GER]
76[40] 58[33] 53[30] 47[30] 41[30] 40[22] 39[22] 38[22] 37[22] 34[22] 30[22] 24[22] 22[22] 28[20] 18[11] 15[11] 9[11] 6[11] 19[10] . 413 P.
140 Louis Guignard [SUI]
76[40] 58[33] 51[33] 40[22] 38[22] 35[22] 30[22] 22[22] 39[20] 34[20] 32[20] 31[20] 26[20] 24[20] 23[20] 18[11] 16[11] 15[11] 9[11] 8[11] 411 P.
141 Levid Steiner [GER]
58[30] 53[30] 41[30] 40[22] 39[22] 38[22] 37[22] 33[22] 30[22] 27[22] 22[22] 36[20] 25[20] 24[20] 23[20] 21[20] 18[11] 16[11] 12[11] 10[11] 410 P.
142 Paul Picard [GER]
58[33] 41[33] 42[30] 39[22] 37[22] 35[22] 30[22] 29[22] 26[22] 25[22] 23[22] 22[22] 38[20] 34[20] 31[20] 20[11] 19[11] 18[11] 14[11] 11[11] 409 P.
143 Jonas Engel [GER]
58[30] 53[30] 52[30] 51[30] 47[30] 45[30] 38[22] 39[20] 37[20] 34[20] 32[20] 28[20] 26[20] 25[20] 19[11] 17[11] 14[11] 12[11] 10[11] 9[11] 408 P.
143 Mirko Storm [SUI]
51[33] 58[30] 54[30] 40[22] 39[22] 38[22] 37[22] 35[22] 31[22] 30[22] 27[22] 24[22] 22[22] 29[20] 28[20] 19[11] 18[11] 17[11] 16[11] 15[11] 408 P.
145 Andrei Zalomin [RUS]
52[30] 51[30] 49[30] 40[22] 39[22] 38[22] 37[22] 36[22] 34[22] 33[22] 31[22] 27[22] 22[22] 21[22] 28[20] 20[11] 18[11] 15[11] 14[11] 13[11] 407 P.
145 David Antunes [LUX]
58[33] 51[30] 40[22] 39[22] 38[22] 37[22] 31[22] 30[22] 28[22] 27[22] 24[22] 22[22] 34[20] 33[20] 32[20] 23[20] 20[11] 18[11] 17[11] 15[11] 407 P.
147 Eliah Bruder [GER]
50[33] 58[30] 40[22] 38[22] 37[22] 36[22] 35[22] 30[22] 27[22] 22[22] 21[22] 33[20] 32[20] 31[20] 25[20] 23[20] 16[11] 15[11] 13[11] 12[11] 405 P.
climbercontest.de
Page 7/16
Result Studio Bloc Masters 2019 (Qualifikation)
Time: 23.03.2019 - 19:37
male
148 Christoph Hilf [GER]
58[30] 40[22] 39[22] 38[22] 37[22] 33[22] 30[22] 27[22] 22[22] 21[22] 36[20] 34[20] 32[20] 31[20] 29[20] 25[20] 23[20] 20[11] 18[11] 17[11] 401 P.
148 Tibor Jemelin [SUI]
58[30] 53[30] 40[22] 39[22] 30[22] 22[22] 38[20] 37[20] 36[20] 33[20] 32[20] 29[20] 27[20] 26[20] 25[20] 23[20] 21[20] 11[11] 4[11] 1[11] 401 P.
150 Leander Heilmann [GER]
76[40] 58[33] 40[22] 38[22] 32[22] 31[22] 30[22] 27[22] 24[22] 22[22] 21[22] 35[20] 34[20] 26[20] 18[11] 14[11] 12[11] 11[11] 10[11] 6[11] 397 P.
151 Jaume Peiró Gramuntell [ESP]
58[30] 53[30] 51[30] 40[22] 39[22] 38[22] 37[22] 32[22] 30[22] 27[22] 24[22] 23[22] 22[22] 26[20] 20[11] 18[11] 16[11] 15[11] 14[11] 12[11] 396 P.
152 Evgheni Croitor [GER]
58[33] 53[30] 40[22] 39[22] 33[22] 32[22] 31[22] 30[22] 27[22] 21[22] 37[20] 29[20] 26[20] 23[20] 22[20] 20[11] 17[11] 15[11] 12[11] 9[11] 394 P.
153 Martin Duncan [AUS]
58[30] 51[30] 38[22] 37[22] 30[22] 28[22] 27[22] 26[22] 22[22] 21[22] 40[20] 39[20] 32[20] 29[20] 24[20] 20[11] 15[11] 14[11] 11[11] 6[11] 391 P.
154 Dimitris Aamer [GRE]
76[44] 58[33] 51[33] 40[22] 39[22] 35[22] 33[22] 24[22] 38[20] 37[20] 30[20] 28[20] 20[11] 18[11] 16[11] 15[11] 14[11] 12[11] 11[11] 9[11] 388 P.
155 Christopher Sälzer [GER]
46[30] 40[22] 39[22] 37[22] 33[22] 27[22] 22[22] 35[20] 32[20] 31[20] 30[20] 29[20] 28[20] 25[20] 23[20] 21[20] 20[11] 16[11] 15[11] 14[11] 386 P.
156 Jascha Herbert [GER]
58[30] 38[22] 33[22] 30[22] 27[22] 22[22] 40[20] 39[20] 37[20] 32[20] 31[20] 29[20] 28[20] 24[20] 23[20] 21[20] 18[11] 16[11] 15[11] 14[11] 384 P.
157 Giorgio Paolo Giefer [GER]
58[30] 53[30] 40[22] 38[22] 27[22] 22[22] 39[20] 37[20] 32[20] 31[20] 30[20] 29[20] 24[20] 23[20] 21[20] 18[11] 15[11] 11[11] 7[11] 6[11] 383 P.
158 Simone Zappino [ITA]
58[30] 40[22] 39[22] 36[22] 33[22] 30[22] 27[22] 22[22] 21[22] 37[20] 34[20] 32[20] 29[20] 25[20] 23[20] 20[11] 18[11] 17[11] 16[11] 15[11] 381 P.
159 Andreas Brodmann [GER]
58[30] 40[22] 39[22] 38[22] 33[22] 32[22] 30[22] 28[22] 22[22] 37[20] 36[20] 31[20] 29[20] 23[20] 21[20] 18[11] 15[11] 11[11] 10[11] 19[10] 380 P.
160 Henri Welz [GER]
58[33] 51[30] 40[22] 39[22] 38[22] 37[22] 35[22] 33[22] 31[22] 30[22] 22[22] 21[22] 24[20] 23[20] 20[11] 18[11] 16[11] 7[11] 2[11] . 378 P.
160 Sven Raitor [GER]
58[30] 51[30] 37[22] 35[22] 33[22] 30[22] 27[22] 22[22] 40[20] 39[20] 36[20] 31[20] 24[20] 23[20] 16[11] 15[11] 11[11] 10[11] 9[11] 7[11] 378 P.
162 Christopher Jung [GER]
58[30] 39[22] 38[22] 37[22] 33[22] 30[22] 27[22] 40[20] 36[20] 34[20] 31[20] 29[20] 28[20] 23[20] 22[20] 18[11] 17[11] 16[11] 15[11] 14[11] 377 P.
163 Vincent Berger [GER]
58[30] 40[22] 39[22] 38[22] 36[22] 33[22] 31[22] 27[22] 22[22] 32[20] 30[20] 28[20] 23[20] 21[20] 20[11] 18[11] 16[11] 15[11] 14[11] 13[11] 372 P.
164 Juan Gutierrez [CHI]
58[33] 40[22] 33[22] 30[22] 27[22] 22[22] 21[22] 39[20] 38[20] 37[20] 36[20] 32[20] 31[20] 29[20] 20[11] 18[11] 15[11] 11[11] 10[11] 9[11] 371 P.
165 Nicolas Rachlitz [GER]
42[30] 40[22] 33[22] 32[22] 30[22] 27[22] 22[22] 37[20] 36[20] 31[20] 29[20] 28[20] 24[20] 23[20] 19[11] 18[11] 11[11] 10[11] 6[11] 2[11] 368 P.
166 Sven Jakubenko [GER]
58[30] 39[22] 38[22] 37[22] 33[22] 30[22] 27[22] 22[22] 21[22] 40[20] 36[20] 34[20] 23[20] 17[11] 16[11] 15[11] 14[11] 12[11] 10[11] 9[11] 363 P.
167 Matthias Laß [GER]
76[40] 51[33] 59[30] 58[30] 54[30] 53[30] 45[30] 42[30] 40[22] 38[22] 32[22] 30[22] 27[20] . . . . . . . 361 P.
168 Florian Held [GER]
39[22] 37[22] 33[22] 31[22] 30[22] 27[22] 22[22] 40[20] 38[20] 32[20] 28[20] 26[20] 23[20] 21[20] 20[11] 16[11] 15[11] 12[11] 9[11] 8[11] 360 P.
climbercontest.de
Page 8/16
Result Studio Bloc Masters 2019 (Qualifikation)
Time: 23.03.2019 - 19:37
male
169 Anton Diesbach [GER]
51[33] 40[22] 39[22] 38[22] 36[22] 30[22] 27[22] 24[22] 22[22] 33[20] 31[20] 21[20] 20[11] 18[11] 17[11] 16[11] 15[11] 14[11] 13[11] 12[11] 357 P.
170 Alexander Scholtes [GER]
40[22] 39[22] 33[22] 31[22] 30[22] 28[22] 27[22] 26[22] 22[22] 38[20] 32[20] 29[20] 23[20] 18[11] 16[11] 15[11] 11[11] 10[11] 9[11] 8[11] 355 P.
171 Francisco Crisanto [POR]
58[30] 53[30] 40[22] 39[22] 38[22] 37[22] 33[22] 31[22] 30[22] 27[22] 22[22] 35[20] 23[20] 20[11] 18[11] 16[11] 13[11] 10[11] . . 353 P.
172 Pascal Wirtgen [GER]
37[22] 33[22] 30[22] 27[22] 24[22] 22[22] 40[20] 39[20] 38[20] 35[20] 31[20] 23[20] 21[20] 20[11] 18[11] 17[11] 16[11] 15[11] 14[11] 12[11] 349 P.
173 Gerald Hohn [GER]
58[30] 54[30] 40[22] 37[22] 28[22] 22[22] 32[20] 31[20] 24[20] 23[20] 21[20] 20[11] 18[11] 16[11] 15[11] 14[11] 11[11] 9[11] 7[11] 6[11] 347 P.
173 Moritz Franz [GER]
58[30] 40[22] 38[22] 32[22] 30[22] 22[22] 39[20] 37[20] 34[20] 31[20] 28[20] 27[20] 20[11] 18[11] 16[11] 7[11] 6[11] 2[11] 1[11] 17[10] 347 P.
173 Sandro Beti [SUI]
58[30] 49[30] 40[22] 39[22] 32[22] 31[22] 34[20] 33[20] 26[20] 24[20] 23[20] 20[11] 19[11] 18[11] 17[11] 16[11] 15[11] 11[11] 10[11] 7[11] 347 P.
176 Rogier Wouters [NED]
40[22] 39[22] 38[22] 37[22] 31[22] 30[22] 29[22] 28[22] 22[22] 36[20] 24[20] 23[20] 20[11] 18[11] 16[11] 15[11] 14[11] 12[11] 9[11] 6[11] 346 P.
177 Christian Duran Jacobs [COL]
51[33] 40[22] 39[22] 38[22] 37[22] 30[22] 27[22] 33[20] 31[20] 28[20] 24[20] 20[11] 18[11] 16[11] 15[11] 14[11] 12[11] 11[11] 10[11] 8[11] 344 P.
177 Daniel Spiroch [AUT]
58[30] 51[30] 40[22] 37[22] 35[22] 27[22] 24[22] 34[20] 31[20] 28[20] 25[20] 23[20] 21[20] 14[11] 12[11] 11[11] 6[11] 10[10] . . 344 P.
177 Jonah Adamczyk [GER]
40[22] 39[22] 38[22] 33[22] 30[22] 27[22] 22[22] 21[22] 36[20] 32[20] 31[20] 23[20] 18[11] 17[11] 15[11] 13[11] 11[11] 9[11] 6[11] 4[11] 344 P.
180 Dan Jenke [GER]
41[30] 36[22] 33[22] 30[22] 27[22] 22[22] 39[20] 38[20] 32[20] 26[20] 24[20] 20[11] 15[11] 12[11] 11[11] 9[11] 7[11] 6[11] 5[11] 3[11] 339 P.
180 Ekrem Kaplan [GER]
76[40] 51[33] 53[30] 47[30] 38[22] 29[22] 21[22] 35[20] 20[11] 18[11] 17[11] 15[11] 13[11] 11[11] 8[11] 4[11] 3[11] 1[11] 7[10] . 339 P.
182 Wassily Holzmann [GER]
58[30] 40[22] 33[22] 30[22] 27[22] 39[20] 38[20] 37[20] 31[20] 22[20] 21[20] 18[11] 15[11] 11[11] 9[11] 8[11] 5[11] 4[11] 3[11] 2[11] 337 P.
183 Maurin Rey [SUI]
40[22] 39[22] 38[22] 37[22] 35[22] 33[22] 31[22] 27[22] 30[20] 23[20] 22[20] 20[11] 18[11] 15[11] 12[11] 11[11] 9[11] 5[11] 4[11] 3[11] 335 P.
184 Joshua Nerz [GER]
40[22] 38[22] 33[22] 31[22] 30[22] 27[22] 22[22] 39[20] 36[20] 29[20] 21[20] 18[11] 16[11] 14[11] 12[11] 11[11] 10[11] 9[11] 6[11] 20[10] 332 P.
185 Andre Froder [GER]
40[22] 39[22] 33[22] 30[22] 27[22] 22[22] 38[20] 37[20] 32[20] 31[20] 25[20] 18[11] 15[11] 13[11] 12[11] 11[11] 9[11] 8[11] 7[11] 6[11] 331 P.
185 Bartek Pasiowiec [POL]
40[22] 33[22] 30[22] 27[22] 22[22] 21[22] 39[20] 38[20] 32[20] 31[20] 23[20] 20[11] 18[11] 16[11] 12[11] 11[11] 10[11] 9[11] 8[11] 7[11] 331 P.
185 Malek Taleb [CAN]
58[33] 40[22] 39[22] 37[22] 36[22] 31[22] 30[22] 25[22] 34[20] 29[20] 24[20] 23[20] 21[20] 15[11] 10[11] 9[11] 6[11] . . . 331 P.
185 Oliver Gobin [GER]
40[22] 39[22] 30[22] 27[22] 26[22] 22[22] 38[20] 37[20] 34[20] 33[20] 31[20] 20[11] 18[11] 15[11] 12[11] 10[11] 9[11] 6[11] 4[11] 3[11] 331 P.
189 Johann Söhngen [GER]
77[40] 40[22] 39[22] 36[22] 35[22] 33[22] 30[22] 29[22] 22[22] 38[20] 31[20] 26[20] 16[11] 12[11] 11[11] 1[11] 19[10] . . . 330 P.
climbercontest.de
Page 9/16
Result Studio Bloc Masters 2019 (Qualifikation)
Time: 23.03.2019 - 19:37
male
189 Sebastian Rachlitz [GER]
58[30] 40[22] 39[22] 33[22] 30[22] 27[22] 38[20] 23[20] 22[20] 21[20] 20[11] 18[11] 15[11] 11[11] 9[11] 7[11] 6[11] 3[11] 2[11] 1[11] 330 P.
191 Alejandro Williams [GBR]
40[22] 39[22] 30[22] 29[22] 22[22] 38[20] 34[20] 33[20] 32[20] 27[20] 26[20] 20[11] 19[11] 18[11] 15[11] 14[11] 11[11] 9[11] 3[11] 1[11] 329 P.
192 Kai Preisig [SUI]
58[33] 40[22] 39[22] 37[22] 30[22] 27[22] 26[22] 22[22] 29[20] 18[11] 16[11] 15[11] 14[11] 12[11] 11[11] 10[11] 9[11] 7[11] 6[11] 3[11] 328 P.
193 Waldemar Graf [GER]
38[22] 33[22] 30[22] 27[22] 40[20] 39[20] 32[20] 29[20] 23[20] 22[20] 21[20] 18[11] 15[11] 13[11] 12[11] 11[11] 6[11] 3[11] 2[11] 1[11] 327 P.
194 Florian Beckert [GER]
53[30] 30[22] 27[22] 23[22] 40[20] 34[20] 33[20] 32[20] 31[20] 21[20] 20[11] 15[11] 9[11] 7[11] 6[11] 5[11] 4[11] 3[11] 2[11] 1[11] 326 P.
195 Nils Malina [GER]
58[33] 40[22] 31[22] 30[22] 22[22] 39[20] 37[20] 34[20] 23[20] 20[11] 18[11] 16[11] 15[11] 14[11] 12[11] 11[11] 9[11] 8[11] 7[11] 6[11] 322 P.
196 Tim Rothbauer [GER]
58[30] 40[22] 39[22] 30[22] 27[22] 22[22] 38[20] 34[20] 33[20] 20[11] 18[11] 16[11] 15[11] 14[11] 12[11] 11[11] 10[11] 9[11] 8[11] 6[11] 321 P.
197 Stefan Giron [GER]
38[22] 33[22] 30[22] 27[22] 22[22] 40[20] 39[20] 37[20] 36[20] 21[20] 18[11] 15[11] 11[11] 9[11] 8[11] 7[11] 6[11] 4[11] 2[11] 1[11] 320 P.
198 Jonathan Gründler [GER]
40[22] 33[22] 31[22] 26[22] 39[20] 38[20] 32[20] 30[20] 27[20] 22[20] 18[11] 15[11] 14[11] 12[11] 9[11] 8[11] 7[11] 6[11] 2[11] 1[11] 318 P.
199 David Michael [GER]
40[22] 30[22] 29[22] 27[22] 39[20] 38[20] 33[20] 31[20] 28[20] 22[20] 15[11] 12[11] 11[11] 9[11] 6[11] 4[11] 3[11] 2[11] 1[11] 20[10] 317 P.
200 Jannis Lehmann [GER]
53[30] 37[22] 27[22] 21[22] 40[20] 34[20] 32[20] 31[20] 30[20] 20[11] 15[11] 8[11] 7[11] 6[11] 5[11] 4[11] 3[11] 2[11] 1[11] 17[10] 316 P.
201 Moritz Braun [GER]
58[30] 40[22] 27[22] 39[20] 38[20] 37[20] 36[20] 35[20] 22[20] 20[11] 18[11] 15[11] 14[11] 12[11] 11[11] 10[11] 6[11] 3[11] 2[11] 1[11] 315 P.
202 Philipp Hermes [GER]
32[22] 27[22] 40[20] 39[20] 38[20] 37[20] 33[20] 30[20] 29[20] 22[20] 20[11] 18[11] 15[11] 14[11] 12[11] 10[11] 9[11] 6[11] 3[11] 1[11] 314 P.
202 Robin Bender [GER]
33[22] 30[22] 27[22] 40[20] 39[20] 38[20] 36[20] 32[20] 22[20] 21[20] 20[11] 18[11] 15[11] 11[11] 9[11] 6[11] 2[11] 1[11] 17[10] 16[10] 314 P.
204 Christoph Sommer [SUI]
40[22] 39[22] 38[22] 30[22] 27[22] 22[22] 37[20] 31[20] 23[20] 20[11] 18[11] 16[11] 15[11] 14[11] 12[11] 10[11] 9[11] 7[11] 4[11] 3[11] 313 P.
204 Steffen Büchler [GER]
38[22] 37[22] 33[22] 30[22] 27[22] 22[22] 40[20] 39[20] 23[20] 20[11] 18[11] 15[11] 14[11] 12[11] 11[11] 9[11] 7[11] 6[11] 5[11] 3[11] 313 P.
206 Afonso Crisanto [POR]
76[40] 58[33] 54[30] 53[30] 52[30] 51[30] 39[22] 33[22] 27[22] 21[22] 31[20] 15[11] . . . . . . . . 312 P.
207 Julian Burgmer [GER]
40[22] 38[22] 33[22] 30[22] 27[22] 22[22] 39[20] 37[20] 21[20] 20[11] 18[11] 16[11] 15[11] 14[11] 13[11] 11[11] 9[11] 6[11] 12[10] 8[10] 311 P.
207 Timo Ossig [GER]
40[22] 38[22] 33[22] 27[22] 21[22] 37[20] 36[20] 24[20] 23[20] 20[11] 17[11] 15[11] 14[11] 11[11] 10[11] 7[11] 6[11] 4[11] 3[11] 2[11] 311 P.
209 Jakob Schelbert [GER]
39[22] 33[22] 30[22] 27[22] 36[20] 32[20] 29[20] 23[20] 22[20] 20[11] 18[11] 16[11] 15[11] 12[11] 11[11] 8[11] 6[11] 5[11] 4[11] 3[11] 309 P.
209 Joey Rothbauer [GER]
58[30] 40[22] 33[22] 30[22] 27[22] 39[20] 32[20] 22[20] 20[11] 15[11] 14[11] 12[11] 11[11] 10[11] 9[11] 6[11] 3[11] 2[11] 1[11] 19[10] 309 P.
climbercontest.de
Page 10/16
Result Studio Bloc Masters 2019 (Qualifikation)
Time: 23.03.2019 - 19:37
male
209 Rafael Jerónimo [POR]
40[22] 39[22] 30[22] 27[22] 38[20] 37[20] 33[20] 31[20] 22[20] 20[11] 18[11] 16[11] 15[11] 12[11] 11[11] 9[11] 8[11] 6[11] 3[11] 2[11] 309 P.
212 Felix Ruzicka [GER]
58[33] 53[30] 51[30] 36[22] 31[22] 28[22] 27[22] 22[22] 38[20] 37[20] 18[11] 17[11] 16[11] 15[11] 5[11] 13[10] . . . . 308 P.
213 Matteo Magnoni [ITA]
40[22] 30[22] 27[22] 39[20] 38[20] 36[20] 35[20] 23[20] 22[20] 18[11] 16[11] 15[11] 14[11] 12[11] 11[11] 9[11] 8[11] 7[11] 6[11] 5[11] 307 P.
214 Sebastian Gabriel [GER]
38[22] 33[22] 30[22] 40[20] 37[20] 31[20] 27[20] 22[20] 21[20] 20[11] 18[11] 15[11] 14[11] 12[11] 10[11] 9[11] 7[11] 6[11] 5[11] 16[10] 306 P.
215 Andreas Kothen [GER]
40[22] 39[22] 37[22] 31[22] 30[22] 22[22] 23[20] 21[20] 20[11] 18[11] 17[11] 16[11] 15[11] 12[11] 11[11] 10[11] 7[11] 6[11] 1[11] 19[10] 303 P.
216 Michael Wettach [GER]
58[33] 40[22] 38[22] 35[22] 39[20] 32[20] 22[20] 20[11] 18[11] 15[11] 14[11] 13[11] 12[11] 11[11] 9[11] 8[11] 7[11] 6[11] 2[11] 1[11] 302 P.
217 Andreas Liebach [DEN]
53[30] 40[22] 39[22] 27[22] 26[22] 38[20] 34[20] 20[11] 18[11] 17[11] 16[11] 15[11] 14[11] 12[11] 10[11] 9[11] 8[11] 5[11] 4[11] 3[11] 301 P.
217 Christian Eichhorn-Jeremias Sohn [GER]
58[30] 30[22] 27[22] 40[20] 38[20] 37[20] 23[20] 21[20] 20[11] 18[11] 15[11] 14[11] 9[11] 3[11] 1[11] 16[10] 11[10] 10[10] 7[10] 4[10] 301 P.
217 Fabio Magnoni [ITA]
58[30] 40[22] 38[22] 33[22] 30[22] 27[22] 21[20] 20[11] 18[11] 15[11] 12[11] 11[11] 10[11] 9[11] 6[11] 3[11] 2[11] 1[11] 17[10] 16[10] 301 P.
217 Jan Zurowski [GER]
58[30] 40[22] 39[22] 30[22] 27[22] 37[20] 22[20] 18[11] 17[11] 16[11] 15[11] 14[11] 13[11] 12[11] 11[11] 10[11] 9[11] 8[11] 7[11] 6[11] 301 P.
221 Claus Kammer [GER]
40[22] 33[22] 27[22] 22[22] 39[20] 38[20] 37[20] 30[20] 20[11] 18[11] 15[11] 14[11] 12[11] 11[11] 9[11] 8[11] 7[11] 6[11] 5[11] 3[11] 300 P.
221 Dennis Lautenschläger [GER]
40[22] 39[22] 30[22] 27[22] 22[22] 38[20] 36[20] 33[20] 20[11] 18[11] 15[11] 12[11] 11[11] 9[11] 7[11] 6[11] 2[11] 1[11] 17[10] 14[10] 300 P.
223 Daniel Wolfrum [GER]
31[22] 30[22] 27[22] 40[20] 38[20] 35[20] 33[20] 22[20] 20[11] 18[11] 15[11] 12[11] 11[11] 9[11] 8[11] 6[11] 5[11] 3[11] 2[11] 1[11] 298 P.
224 Fedon Martzoukos [GRE]
40[22] 39[22] 38[22] 33[22] 30[22] 27[22] 21[22] 20[11] 18[11] 16[11] 15[11] 14[11] 12[11] 11[11] 10[11] 9[11] 8[11] 7[11] 6[11] 5[11] 297 P.
224 Till Wischnewski [GER]
38[22] 36[22] 33[22] 30[22] 29[22] 27[22] 22[22] 21[22] 20[11] 18[11] 15[11] 12[11] 11[11] 9[11] 8[11] 6[11] 5[11] 2[11] 1[11] . 297 P.
226 Alex Wydler [SUI]
38[22] 37[22] 33[22] 39[20] 35[20] 34[20] 31[20] 28[20] 23[20] 20[11] 18[11] 16[11] 15[11] 13[11] 9[11] 8[11] 7[11] 5[11] 3[11] . 296 P.
226 Bernhard Koch [GER]
33[22] 27[22] 40[20] 39[20] 38[20] 37[20] 31[20] 30[20] 20[11] 16[11] 15[11] 12[11] 11[11] 9[11] 8[11] 7[11] 6[11] 3[11] 2[11] 1[11] 296 P.
226 Vasco Ferreira [POR]
53[30] 40[22] 39[22] 30[22] 38[20] 37[20] 22[20] 20[11] 18[11] 14[11] 12[11] 11[11] 9[11] 8[11] 6[11] 2[11] 1[11] 16[10] 15[10] 7[10] 296 P.
229 Ken Schockweiler [LUX]
39[22] 37[22] 33[22] 27[22] 22[22] 40[20] 38[20] 20[11] 19[11] 16[11] 15[11] 14[11] 13[11] 12[11] 11[11] 9[11] 8[11] 7[11] 6[11] 3[11] 293 P.
229 Takayuki Nakajima [JPN]
40[22] 38[22] 33[22] 30[22] 27[22] 32[20] 22[20] 20[11] 18[11] 15[11] 14[11] 12[11] 11[11] 10[11] 9[11] 7[11] 6[11] 5[11] 3[11] 2[11] 293 P.
231 Reinhard Nibler [GER]
40[22] 30[22] 27[22] 22[22] 38[20] 33[20] 21[20] 20[11] 18[11] 17[11] 15[11] 14[11] 12[11] 11[11] 9[11] 8[11] 3[11] 2[11] 1[11] 10[10] 290 P.
climbercontest.de
Page 11/16
Result Studio Bloc Masters 2019 (Qualifikation)
Time: 23.03.2019 - 19:37
male
232 Daniel Hermes [GER]
40[22] 27[22] 22[22] 39[20] 38[20] 37[20] 30[20] 20[11] 18[11] 15[11] 14[11] 12[11] 11[11] 9[11] 7[11] 6[11] 3[11] 2[11] 1[11] 17[10] 288 P.
232 Jose Rocha [POR]
40[22] 30[22] 27[22] 39[20] 38[20] 33[20] 22[20] 18[11] 15[11] 12[11] 11[11] 10[11] 9[11] 8[11] 7[11] 6[11] 3[11] 2[11] 1[11] 20[10] 288 P.
234 Philipp Bunse [GER]
39[22] 33[22] 30[22] 40[20] 38[20] 37[20] 27[20] 20[11] 18[11] 15[11] 12[11] 11[11] 9[11] 6[11] 4[11] 3[11] 2[11] 1[11] 16[10] 10[10] 287 P.
235 Pasqual Karasch [GER]
40[22] 30[22] 27[22] 39[20] 36[20] 31[20] 21[20] 18[11] 16[11] 12[11] 11[11] 9[11] 6[11] 3[11] 2[11] 1[11] 19[10] 14[10] 8[10] 4[10] 285 P.
235 Stefan Schwarz [GER]
39[22] 30[22] 38[20] 33[20] 27[20] 23[20] 22[20] 18[11] 15[11] 12[11] 11[11] 10[11] 9[11] 8[11] 6[11] 3[11] 2[11] 1[11] 20[10] 16[10] 285 P.
237 Melik Bayoudia [GER]
40[22] 38[22] 30[22] 27[22] 22[22] 39[20] 20[11] 18[11] 17[11] 15[11] 14[11] 12[11] 11[11] 10[11] 9[11] 6[11] 3[11] 2[11] 1[11] 5[10] 283 P.
238 Simon Apsner [LUX]
40[22] 39[22] 37[22] 32[22] 34[20] 21[20] 20[11] 19[11] 16[11] 14[11] 12[11] 11[11] 10[11] 9[11] 8[11] 7[11] 6[11] 5[11] 2[11] 1[11] 282 P.
239 Benjamin Reisinger [ITA]
27[22] 39[20] 37[20] 36[20] 33[20] 30[20] 22[20] 20[11] 15[11] 14[11] 12[11] 9[11] 6[11] 3[11] 2[11] 1[11] 11[10] 10[10] 7[10] 5[10] 281 P.
240 Christopher Rudolph [GER]
76[40] 51[33] 41[30] 39[22] 38[22] 31[22] 28[22] 24[22] 21[22] 14[11] 6[11] 1[11] 13[10] . . . . . . . 278 P.
240 Peter Kipp [GER]
30[22] 27[22] 40[20] 39[20] 38[20] 34[20] 20[11] 19[11] 18[11] 15[11] 14[11] 12[11] 11[11] 9[11] 8[11] 7[11] 6[11] 3[11] 2[11] 1[11] 278 P.
242 Gerd Kirchner [GER]
40[22] 38[22] 39[20] 37[20] 30[20] 22[20] 20[11] 18[11] 15[11] 12[11] 11[11] 10[11] 9[11] 7[11] 6[11] 5[11] 3[11] 2[11] 1[11] 14[10] 277 P.
242 Jakob Wenzel [GER]
39[22] 27[22] 33[20] 30[20] 29[20] 22[20] 20[11] 18[11] 17[11] 15[11] 12[11] 11[11] 9[11] 8[11] 6[11] 4[11] 3[11] 2[11] 1[11] 16[10] 277 P.
242 Yanic Deucher [SUI]
33[22] 30[22] 27[22] 40[20] 39[20] 21[20] 18[11] 16[11] 15[11] 14[11] 11[11] 10[11] 9[11] 6[11] 3[11] 2[11] 1[11] 20[10] 13[10] 12[10] 277 P.
245 Alberto Americo [ITA]
39[22] 37[22] 40[20] 38[20] 32[20] 30[20] 20[11] 19[11] 18[11] 17[11] 15[11] 11[11] 10[11] 9[11] 6[11] 3[11] 2[11] 1[11] 14[10] 12[10] 276 P.
246 Anton Beuß [GER]
30[22] 27[22] 37[20] 33[20] 29[20] 22[20] 18[11] 15[11] 14[11] 11[11] 9[11] 8[11] 4[11] 3[11] 2[11] 1[11] 20[10] 12[10] 7[10] 6[10] 274 P.
247 Bruno Gaspar [POR]
58[30] 53[30] 40[22] 33[22] 31[22] 30[22] 27[22] 39[20] 37[20] 28[20] 21[20] 16[11] 13[11] . . . . . . . 272 P.
247 Constantin Schmitt [GER]
38[22] 30[22] 40[20] 39[20] 27[20] 22[20] 20[11] 16[11] 15[11] 9[11] 7[11] 5[11] 3[11] 1[11] 18[10] 14[10] 13[10] 12[10] 11[10] 10[10] 272 P.
249 Johannes Ratz [GER]
40[20] 39[20] 33[20] 30[20] 27[20] 22[20] 15[11] 14[11] 12[11] 11[11] 9[11] 6[11] 5[11] 4[11] 3[11] 2[11] 1[11] 20[10] 8[10] 7[10] 271 P.
249 Tobias Schumann [GER]
38[22] 33[22] 30[22] 27[22] 22[22] 18[11] 15[11] 12[11] 11[11] 10[11] 9[11] 7[11] 6[11] 3[11] 2[11] 1[11] 20[10] 14[10] 8[10] 5[10] 271 P.
251 Johannes Mohr [GER]
33[22] 27[22] 22[22] 39[20] 23[20] 20[11] 18[11] 16[11] 15[11] 12[11] 11[11] 10[11] 9[11] 7[11] 6[11] 4[11] 3[11] 2[11] 1[11] 14[10] 270 P.
252 João Ferreira [POR]
53[30] 40[22] 30[22] 22[22] 38[20] 20[11] 15[11] 14[11] 12[11] 11[11] 10[11] 8[11] 7[11] 6[11] 5[11] 3[11] 2[11] 1[11] 18[10] . 269 P.
climbercontest.de
Page 12/16
Result Studio Bloc Masters 2019 (Qualifikation)
Time: 23.03.2019 - 19:37
male
252 Patrick Dreidoppel [GER]
27[22] 40[20] 38[20] 33[20] 30[20] 22[20] 15[11] 12[11] 9[11] 6[11] 3[11] 2[11] 1[11] 20[10] 18[10] 17[10] 16[10] 14[10] 11[10] 10[10] 269 P.
254 Mark Werrel [GER]
39[22] 30[22] 38[20] 29[20] 22[20] 20[11] 18[11] 16[11] 15[11] 12[11] 11[11] 9[11] 8[11] 7[11] 6[11] 3[11] 2[11] 1[11] 14[10] 10[10] 267 P.
254 Tobias Kremer [GER]
40[22] 37[22] 30[22] 32[20] 22[20] 20[11] 18[11] 15[11] 14[11] 12[11] 10[11] 9[11] 6[11] 3[11] 2[11] 1[11] 16[10] 11[10] 8[10] 7[10] 267 P.
256 Stefan Goldmann [GER]
40[22] 30[22] 39[20] 27[20] 22[20] 20[11] 18[11] 15[11] 14[11] 12[11] 11[11] 9[11] 7[11] 6[11] 5[11] 2[11] 1[11] 16[10] 10[10] 3[10] 266 P.
257 Kevin Mink [GER]
40[22] 30[22] 27[22] 22[22] 39[20] 37[20] 29[20] 28[20] 21[20] 18[11] 11[11] 9[11] 6[11] 3[11] 2[11] 1[11] . . . . 265 P.
258 Mika Heilig [GER]
58[33] 40[22] 39[22] 36[22] 27[22] 22[22] 19[11] 18[11] 12[11] 8[11] 7[11] 6[11] 5[11] 4[11] 3[11] 2[11] 1[11] . . . 264 P.
259 Marco Cornero [ITA]
58[30] 30[22] 22[22] 38[20] 20[11] 15[11] 14[11] 12[11] 10[11] 9[11] 8[11] 3[11] 2[11] 18[10] 17[10] 16[10] 11[10] 7[10] 5[10] 4[10] 263 P.
259 Sascha Schwob [SUI]
76[40] 58[33] 51[33] 53[30] 46[30] 40[22] 39[22] 22[22] 23[20] 13[11] . . . . . . . . . . 263 P.
261 Christopher Schwiewager [GER]
28[22] 27[22] 39[20] 33[20] 18[11] 15[11] 14[11] 12[11] 11[11] 9[11] 8[11] 6[11] 5[11] 4[11] 3[11] 2[11] 1[11] 20[10] 19[10] 7[10] 257 P.
262 Stefano Magnoni [ITA]
33[22] 30[22] 27[22] 40[20] 38[20] 18[11] 12[11] 11[11] 10[11] 9[11] 6[11] 5[11] 3[11] 2[11] 1[11] 20[10] 15[10] 14[10] 7[10] . 256 P.
263 Constantin Berger [GER]
39[22] 33[22] 27[22] 31[20] 30[20] 22[20] 15[11] 11[11] 9[11] 8[11] 6[11] 5[11] 3[11] 2[11] 1[11] 20[10] 14[10] 7[10] . . 255 P.
263 Pascale Walther [GER]
39[22] 33[22] 27[22] 40[20] 38[20] 18[11] 15[11] 12[11] 11[11] 9[11] 6[11] 3[11] 2[11] 1[11] 20[10] 14[10] 10[10] 7[10] 5[10] . 255 P.
263 Thomas Brockt [GER]
40[22] 27[22] 39[20] 30[20] 22[20] 18[11] 16[11] 15[11] 12[11] 11[11] 9[11] 6[11] 5[11] 3[11] 2[11] 1[11] 20[10] 7[10] 4[10] . 255 P.
266 Moritz Zitzow [GER]
78[40] 58[30] 40[22] 39[22] 24[22] 33[20] 29[20] 27[20] 26[20] 17[11] 11[11] 6[11] . . . . . . . . 249 P.
266 Sami Vasala [FIN]
40[22] 38[22] 30[22] 27[22] 22[20] 18[11] 15[11] 14[11] 12[11] 11[11] 9[11] 6[11] 4[11] 3[11] 2[11] 1[11] 20[10] 7[10] . . 249 P.
268 Michael Neubürger [GER]
30[22] 27[22] 39[20] 20[11] 18[11] 16[11] 15[11] 12[11] 11[11] 10[11] 9[11] 6[11] 4[11] 3[11] 2[11] 1[11] 17[10] 14[10] 13[10] 7[10] 247 P.
269 Maurice Jenter [GER]
27[22] 40[20] 39[20] 30[20] 22[20] 20[11] 18[11] 16[11] 15[11] 14[11] 11[11] 9[11] 6[11] 4[11] 3[11] 2[11] 1[11] 12[10] . . 244 P.
270 Andreas Malina [GER]
30[22] 40[20] 39[20] 33[20] 20[11] 18[11] 15[11] 14[11] 12[11] 11[11] 9[11] 8[11] 7[11] 6[11] 3[11] 10[10] 5[10] 4[10] 2[10] . 243 P.
271 Tobias Reiter [GER]
40[22] 30[22] 27[22] 22[20] 20[11] 18[11] 15[11] 14[11] 12[11] 11[11] 10[11] 9[11] 8[11] 6[11] 5[11] 3[11] 2[11] 1[11] . . 240 P.
271 Tomasz Szkatula [POL]
38[22] 30[22] 27[22] 22[22] 40[20] 39[20] 37[20] 32[20] 23[20] 21[20] 20[11] 2[11] 7[10] . . . . . . . 240 P.
273 Otto Reiter [GER]
40[22] 38[22] 30[22] 33[20] 20[11] 19[11] 18[11] 15[11] 14[11] 12[11] 9[11] 8[11] 6[11] 5[11] 3[11] 2[11] 1[11] 10[10] . . 239 P.
climbercontest.de
Page 13/16
Result Studio Bloc Masters 2019 (Qualifikation)
Time: 23.03.2019 - 19:37
male
274 Christoph Brockt [GER]
58[30] 40[22] 38[22] 37[22] 24[22] 22[20] 20[11] 18[11] 14[11] 11[11] 10[11] 9[11] 7[11] 2[11] 1[11] . . . . . 237 P.
275 Niklas Lehne [GER]
33[22] 30[22] 27[22] 22[20] 18[11] 15[11] 12[11] 11[11] 9[11] 6[11] 4[11] 3[11] 2[11] 1[11] 20[10] 8[10] 7[10] 5[10] . . 236 P.
276 Erik Söhngen [GER]
30[22] 27[22] 38[20] 33[20] 18[11] 15[11] 12[11] 10[11] 8[11] 6[11] 3[11] 2[11] 1[11] 17[10] 14[10] 11[10] 7[10] 5[10] . . 233 P.
276 Holger Herr [GER]
33[22] 30[22] 27[22] 18[11] 15[11] 9[11] 6[11] 3[11] 2[11] 1[11] 20[10] 14[10] 12[10] 11[10] 10[10] 8[10] 7[10] 5[10] 4[10] . 233 P.
276 Steffen Hummel [GER]
30[22] 40[20] 29[20] 22[20] 20[11] 18[11] 15[11] 14[11] 9[11] 7[11] 6[11] 5[11] 3[11] 2[11] 1[11] 17[10] 12[10] 4[10] . . 233 P.
279 Alexander Weis [GER]
40[22] 39[22] 38[22] 37[22] 30[22] 27[22] 36[20] 34[20] 32[20] 25[20] 22[20] . . . . . . . . . 232 P.
280 Christian Wagner [GER]
39[20] 30[20] 27[20] 22[20] 20[11] 18[11] 15[11] 12[11] 11[11] 9[11] 7[11] 6[11] 3[11] 2[11] 1[11] 19[10] 14[10] 10[10] . . 231 P.
281 Nikos Adamakis [GRE]
40[22] 33[22] 27[22] 20[11] 18[11] 15[11] 11[11] 9[11] 6[11] 4[11] 3[11] 2[11] 1[11] 16[10] 14[10] 12[10] 7[10] 5[10] . . 226 P.
282 Jeremy Maurin [FRA]
27[22] 40[20] 38[20] 30[20] 20[11] 18[11] 15[11] 12[11] 11[11] 9[11] 7[11] 6[11] 5[11] 4[11] 3[11] 1[11] 14[10] . . . 224 P.
282 Stefan Mendes [LUX]
37[22] 27[22] 39[20] 33[20] 20[11] 18[11] 16[11] 12[11] 9[11] 7[11] 6[11] 3[11] 2[11] 1[11] 15[10] 14[10] 5[10] . . . 224 P.
284 Florian Wolf [GER]
33[22] 30[22] 39[20] 27[20] 15[11] 12[11] 11[11] 9[11] 7[11] 4[11] 3[11] 2[11] 1[11] 20[10] 18[10] 6[10] 5[10] . . . 223 P.
285 Doug Barton [CAN]
40[20] 33[20] 27[20] 20[11] 18[11] 15[11] 12[11] 11[11] 9[11] 6[11] 5[11] 3[11] 2[11] 1[11] 14[10] 10[10] 7[10] 4[10] . . 221 P.
286 Sebastian Brodehl [GER]
40[22] 30[22] 22[22] 39[20] 20[11] 18[11] 17[11] 16[11] 14[11] 12[11] 11[11] 9[11] 6[11] 5[11] 3[11] 1[11] . . . . 218 P.
287 Jonas Arndt [GER]
30[22] 27[22] 22[20] 20[11] 18[11] 15[11] 14[11] 12[11] 9[11] 7[11] 6[11] 4[11] 3[11] 2[11] 1[11] 11[10] 8[10] . . . 216 P.
288 David Gilly [SUI]
58[30] 55[30] 29[22] 36[20] 34[20] 31[20] 30[20] 16[11] 14[11] 3[11] 19[10] 15[10] . . . . . . . . 215 P.
289 Steffen Brehm [GER]
30[22] 27[22] 40[20] 20[11] 18[11] 15[11] 14[11] 13[11] 11[11] 9[11] 7[11] 6[11] 3[11] 2[11] 1[11] 12[10] . . . . 206 P.
290 Andreas Menk [GER]
39[20] 30[20] 27[20] 15[11] 9[11] 6[11] 2[11] 1[11] 20[10] 18[10] 14[10] 12[10] 10[10] 7[10] 5[10] 4[10] 3[10] . . . 205 P.
291 Lukas Richter [GER]
27[22] 39[20] 30[20] 20[11] 18[11] 15[11] 14[11] 12[11] 11[11] 9[11] 6[11] 3[11] 2[11] 1[11] 7[10] 4[10] . . . . 203 P.
291 Maximillian Sälzer [GER]
40[22] 39[22] 37[22] 30[22] 33[20] 32[20] 22[20] 11[11] 9[11] 6[11] 3[11] 1[11] . . . . . . . . 203 P.
293 Thomas Kosmas [GRE]
58[30] 40[22] 39[22] 33[22] 27[22] 22[22] 38[20] 36[20] 11[11] 6[11] . . . . . . . . . . 202 P.
294 Timo Schaljo [GER]
27[22] 40[20] 39[20] 38[20] 34[20] 18[11] 15[11] 10[11] 9[11] 6[11] 5[11] 2[11] 1[11] 11[10] . . . . . . 200 P.
climbercontest.de
Page 14/16
Result Studio Bloc Masters 2019 (Qualifikation)
Time: 23.03.2019 - 19:37
male
295 Pedro Gonçalves [POR]
38[22] 30[22] 33[20] 20[11] 18[11] 15[11] 14[11] 11[11] 10[11] 9[11] 6[11] 5[11] 3[11] 2[11] 1[11] . . . . . 196 P.
296 Kevin Vogel [GER]
30[22] 27[22] 40[20] 39[20] 38[20] 33[20] 11[11] 6[11] 2[11] 1[11] 16[10] 4[10] . . . . . . . . 188 P.
297 Eric Ignasiak [GER]
40[22] 37[22] 20[11] 18[11] 16[11] 15[11] 11[11] 10[11] 9[11] 6[11] 5[11] 3[11] 2[11] 1[11] 7[10] . . . . . 186 P.
298 Pavlos Katsogridakis [GRE]
40[22] 39[20] 20[11] 18[11] 16[11] 12[11] 11[11] 9[11] 8[11] 7[11] 6[11] 3[11] 2[11] 1[11] 15[10] . . . . . 184 P.
299 Sascha Forbrich [GER]
40[22] 22[22] 38[20] 20[11] 18[11] 15[11] 12[11] 11[11] 9[11] 6[11] 2[11] 1[11] 10[10] 7[10] . . . . . . 183 P.
300 Finn Jung [GER]
30[22] 33[20] 20[11] 15[11] 14[11] 10[11] 9[11] 7[11] 6[11] 3[11] 2[11] 1[11] 18[10] 12[10] 11[10] . . . . . 182 P.
301 Michael Deuring [GER]
30[22] 27[22] 32[20] 18[11] 15[11] 12[11] 9[11] 3[11] 2[11] 1[11] 20[10] 8[10] 7[10] 4[10] . . . . . . 181 P.
302 Lukas Krug [GER]
33[22] 30[20] 20[11] 15[11] 11[11] 9[11] 6[11] 3[11] 2[11] 1[11] 18[10] 17[10] 12[10] 7[10] 4[10] . . . . . 180 P.
303 Philip Koschorz [GER]
76[44] 58[30] 53[30] 39[22] 24[22] 22[20] 1[11] . . . . . . . . . . . . . 179 P.
304 Daniel Trakowsky [GER]
33[22] 30[22] 27[22] 18[11] 15[11] 12[11] 9[11] 6[11] 3[11] 2[11] 1[11] 7[10] 4[10] . . . . . . . 174 P.
304 Tristan Schönwald [GER]
33[22] 30[22] 20[11] 18[11] 14[11] 12[11] 10[11] 9[11] 6[11] 3[11] 2[11] 1[11] 15[10] 5[10] . . . . . . 174 P.
306 Robin Quicker [GER]
27[22] 30[20] 18[11] 15[11] 12[11] 11[11] 9[11] 6[11] 4[11] 3[11] 2[11] 1[11] 20[10] 7[10] . . . . . . 172 P.
307 Max Bach [GER]
30[22] 27[22] 39[20] 18[11] 15[11] 12[11] 9[11] 6[11] 3[11] 1[11] 20[10] 14[10] . . . . . . . . 161 P.
308 Raimund Renkenberger [GER]
30[22] 27[20] 15[11] 12[11] 9[11] 6[11] 4[11] 3[11] 2[11] 1[11] 20[10] 18[10] 7[10] . . . . . . . 160 P.
309 Fabricio Arend Torres [GER]
27[22] 30[20] 15[11] 11[11] 9[11] 6[11] 3[11] 2[11] 1[11] 20[10] 18[10] 12[10] 7[10] . . . . . . . 159 P.
309 Jasper Wintergerst [GER]
30[22] 27[22] 33[20] 9[11] 6[11] 3[11] 2[11] 1[11] 15[10] 14[10] 12[10] 5[10] . . . . . . . . 159 P.
309 Jasper Horaczek [GER]
40[22] 39[22] 27[22] 31[20] 29[20] 16[11] 11[11] 6[11] 17[10] 7[10] . . . . . . . . . . 159 P.
312 Juraj Michalka [SVK]
30[22] 18[11] 15[11] 12[11] 9[11] 3[11] 1[11] 20[10] 17[10] 14[10] 10[10] 6[10] 4[10] . . . . . . . 148 P.
312 Konstantin Freitag [SUI]
33[22] 30[22] 39[20] 22[20] 16[11] 9[11] 6[11] 1[11] 19[10] 5[10] . . . . . . . . . . 148 P.
312 Moritz Zachäus [GER]
30[20] 22[20] 20[11] 18[11] 12[11] 11[11] 9[11] 6[11] 2[11] 1[11] 15[10] 7[10] . . . . . . . . 148 P.
315 Sascha Wichmann [GER]
30[20] 27[20] 20[11] 12[11] 9[11] 1[11] 18[10] 15[10] 7[10] 6[10] 3[10] 2[10] . . . . . . . . 144 P.
climbercontest.de
Page 15/16
Result Studio Bloc Masters 2019 (Qualifikation)
Time: 23.03.2019 - 19:37
male
316 Andy Bourscheid [LUX]
30[20] 20[11] 18[11] 15[11] 12[11] 9[11] 6[11] 5[11] 3[11] 1[11] 7[10] 2[10] . . . . . . . . 139 P.
317 Paul Maier [GER]
40[20] 18[11] 12[11] 11[11] 9[11] 6[11] 2[11] 1[11] 20[10] 16[10] 7[10] . . . . . . . . . 127 P.
318 Sebastian Diesbach [GER]
20[11] 18[11] 12[11] 11[11] 9[11] 6[11] 3[11] 2[11] 1[11] 7[10] . . . . . . . . . . 109 P.
319 Alexander Schwiewager [GER]
20[11] 15[11] 9[11] 6[11] 3[11] 2[11] 1[11] 12[10] 7[10] 4[10] . . . . . . . . . . 107 P.
320 Ulrich Schwanz [GER]
15[11] 11[11] 9[11] 5[11] 1[11] 20[10] 18[10] 12[10] 6[10] 3[10] . . . . . . . . . . 105 P.
321 Tobias Krezer [GER]
40[20] 12[11] 9[11] 6[11] 1[11] 20[10] 14[10] 11[10] 2[10] . . . . . . . . . . . 104 P.
322 Rui Pinheiro [POR]
30[20] 9[11] 3[11] 1[11] 20[10] 15[10] 12[10] 6[10] 2[10] . . . . . . . . . . . 103 P.
323 Pablo Aguilar [COL]
27[22] 15[11] 12[11] 9[11] 3[11] 2[11] 1[11] 18[10] . . . . . . . . . . . . 98 P.
324 Stefan Priess [GER]
15[11] 11[11] 3[11] 2[11] 1[11] 20[10] 18[10] 12[10] 6[10] . . . . . . . . . . . 95 P.
325 Christian Möllerke [GER]
18[11] 9[11] 3[11] 1[11] 20[10] 12[10] 7[10] 6[10] . . . . . . . . . . . . 84 P.
326 Andreas Rutschmann [GER]
15[11] 9[11] 3[11] 2[11] 1[11] 12[10] 6[10] . . . . . . . . . . . . . 75 P.
climbercontest.de
Page 16/16
