Result Studio Bloc Masters 2019 (Qualifikation)
Time: 23.03.2019 - 19:37
female
1 Janja Garnbret [SLO]
74[44] 80[40] 77[40] 76[40] 75[40] 71[40] 68[40] 60[33] 58[33] 56[33] 52[33] 49[33] 47[33] 45[33] 59[30] 54[30] 50[30] 46[30] 44[30] 43[30] 695 P.
2 Katja Kadic [SLO]
75[44] 74[44] 77[40] 76[40] 72[40] 58[33] 54[33] 53[33] 51[33] 49[33] 45[33] 41[33] 59[30] 52[30] 47[30] 42[30] 40[22] 39[22] 31[22] 30[22] 647 P.
3 Mia Krampl [SLO]
77[40] 76[40] 74[40] 72[40] 61[40] 58[33] 53[33] 51[33] 49[33] 47[33] 45[33] 42[33] 41[33] 56[30] 54[30] 50[30] 35[22] 28[22] 24[22] 21[22] 642 P.
4 Vita Lukan [SLO]
77[44] 76[40] 75[40] 74[40] 68[40] 58[33] 56[33] 53[33] 51[33] 49[33] 47[33] 54[30] 50[30] 45[30] 42[30] 41[30] 40[22] 35[22] 30[22] 28[22] 640 P.
5 Lucka Rakovec [SLO]
76[44] 74[44] 72[44] 77[40] 75[40] 58[33] 53[33] 51[33] 42[33] 60[30] 55[30] 54[30] 47[30] 45[30] 41[30] 40[22] 35[22] 31[22] 30[22] 27[20] 632 P.
6 Urska Repusic [SLO]
77[44] 75[40] 74[40] 72[40] 61[40] 51[33] 45[33] 42[33] 60[30] 59[30] 57[30] 53[30] 52[30] 47[30] 46[30] 41[30] 36[22] 35[22] 30[22] 28[22] 631 P.
7 Tjaša Kalan [SLO]
77[44] 76[40] 74[40] 72[40] 58[33] 53[33] 51[33] 47[33] 42[33] 57[30] 55[30] 54[30] 50[30] 45[30] 41[30] 40[22] 39[22] 35[22] 32[22] 30[22] 619 P.
8 Jessica Pilz [AUT]
76[44] 75[40] 72[40] 58[33] 56[33] 51[33] 49[33] 47[33] 45[33] 59[30] 55[30] 53[30] 50[30] 41[30] 40[22] 39[22] 37[22] 35[22] 24[22] 23[22] 604 P.
9 Jenya Kazbekova [UKR]
77[44] 72[40] 70[40] 65[40] 58[33] 54[33] 51[33] 50[33] 45[33] 53[30] 46[30] 41[30] 40[22] 39[22] 33[22] 31[22] 30[22] 27[22] 32[20] 23[20] 591 P.
9 Tiba Vroom [NED]
77[40] 76[40] 72[40] 58[33] 51[33] 41[33] 57[30] 56[30] 54[30] 53[30] 48[30] 47[30] 46[30] 45[30] 40[22] 39[22] 37[22] 31[22] 30[22] 28[22] 591 P.
11 Helene Wolf [GER]
77[40] 76[40] 72[40] 58[33] 54[33] 51[33] 41[33] 59[30] 53[30] 52[30] 47[30] 45[30] 40[22] 39[22] 37[22] 35[22] 31[22] 30[22] 28[22] 33[20] 576 P.
12 Hungying Lee [TPE]
77[44] 76[40] 74[40] 60[33] 58[33] 51[33] 47[33] 45[33] 54[30] 53[30] 49[30] 40[22] 39[22] 38[22] 37[22] 35[22] 30[22] 28[22] 27[22] 24[20] 575 P.
13 Charlotte Andre [FRA]
77[40] 76[40] 72[40] 58[33] 54[33] 51[33] 45[33] 41[33] 53[30] 46[30] 42[30] 40[22] 39[22] 38[22] 37[22] 36[22] 33[22] 32[22] 30[22] 27[22] 573 P.
14 Flavy Cohaut [FRA]
77[40] 76[40] 75[40] 58[33] 51[33] 47[33] 41[33] 54[30] 53[30] 50[30] 46[30] 39[22] 37[22] 35[22] 34[22] 30[22] 24[22] 23[22] 22[22] 21[22] 570 P.
15 Julija Kruder [SLO]
77[40] 76[40] 75[40] 58[33] 53[33] 51[33] 45[33] 54[30] 46[30] 41[30] 40[22] 37[22] 34[22] 31[22] 30[22] 27[22] 24[22] 23[22] 22[22] 21[22] 562 P.
16 Rebekka Stotz [SUI]
77[40] 76[40] 58[33] 51[33] 54[30] 53[30] 47[30] 46[30] 45[30] 42[30] 41[30] 40[22] 39[22] 33[22] 32[22] 30[22] 28[22] 23[22] 22[22] 21[22] 554 P.
17 Elisa van der Wel [GER]
77[40] 76[40] 58[33] 51[33] 59[30] 53[30] 49[30] 47[30] 45[30] 41[30] 40[22] 39[22] 38[22] 37[22] 36[22] 33[22] 30[22] 28[22] 27[22] 21[22] 546 P.
18 Katrine Vandet Salling [DEN]
77[40] 66[40] 58[33] 54[30] 53[30] 52[30] 49[30] 46[30] 42[30] 41[30] 40[22] 37[22] 36[22] 35[22] 34[22] 33[22] 31[22] 30[22] 29[22] 25[22] 543 P.
19 Melissa Le Nevé [FRA]
78[40] 76[40] 68[40] 58[33] 54[33] 51[33] 49[33] 40[22] 39[22] 38[22] 35[22] 34[22] 33[22] 31[22] 28[22] 26[22] 24[22] 23[22] 22[22] 21[22] 538 P.
20 Anna Zaikina [RUS]
77[44] 58[33] 41[33] 54[30] 53[30] 51[30] 47[30] 46[30] 45[30] 40[22] 39[22] 37[22] 35[22] 32[22] 31[22] 30[22] 28[22] 27[22] 23[22] 22[22] 532 P.
21 Lynn van der Meer [NED]
76[40] 72[40] 58[33] 51[33] 41[33] 53[30] 47[30] 45[30] 40[22] 39[22] 38[22] 37[22] 35[22] 33[22] 31[22] 30[22] 27[22] 22[22] 21[22] 24[20] 531 P.
climbercontest.de
Page 1/8
Result Studio Bloc Masters 2019 (Qualifikation)
Time: 23.03.2019 - 19:37
female
22 Hannah Schubert [AUT]
58[33] 51[33] 49[33] 47[33] 41[33] 56[30] 53[30] 46[30] 45[30] 40[22] 38[22] 37[22] 33[22] 31[22] 30[22] 27[22] 24[22] 23[22] 22[22] 21[22] 527 P.
23 Natalie Bärtschi [SUI]
77[40] 58[33] 54[33] 51[33] 47[33] 59[30] 53[30] 45[30] 40[22] 39[22] 38[22] 37[22] 35[22] 33[22] 31[22] 30[22] 27[22] 24[22] 23[22] 22[22] 526 P.
24 Camille Faille [FRA]
77[40] 41[33] 58[30] 54[30] 53[30] 51[30] 46[30] 45[30] 42[30] 40[22] 39[22] 38[22] 36[22] 35[22] 31[22] 30[22] 27[22] 24[22] 23[22] 22[22] 525 P.
25 Nikki van Bergen [NED]
76[40] 58[33] 51[33] 49[33] 53[30] 50[30] 47[30] 41[30] 40[22] 38[22] 37[22] 35[22] 30[22] 27[22] 24[22] 23[22] 22[22] 21[22] 39[20] 25[20] 519 P.
26 Lisa Klem [NED]
77[40] 76[40] 58[33] 53[33] 51[33] 59[30] 57[30] 39[22] 33[22] 32[22] 31[22] 27[22] 24[22] 23[22] 22[22] 38[20] 36[20] 29[20] 28[20] 26[20] 515 P.
27 Jennifer Wood [GBR]
77[40] 58[33] 51[33] 47[33] 53[30] 45[30] 41[30] 40[22] 39[22] 38[22] 37[22] 36[22] 35[22] 33[22] 30[22] 27[22] 24[22] 22[22] 21[22] 32[20] 513 P.
28 Vanda Michalkova [SVK]
77[40] 58[33] 51[33] 45[33] 41[33] 47[30] 40[22] 39[22] 38[22] 37[22] 36[22] 35[22] 33[22] 31[22] 30[22] 28[22] 27[22] 24[22] 22[22] 21[22] 510 P.
29 Celine Cuypers [BEL]
76[40] 71[40] 58[33] 59[30] 50[30] 45[30] 41[30] 40[22] 39[22] 37[22] 32[22] 30[22] 28[22] 27[22] 24[22] 38[20] 35[20] 34[20] 29[20] 22[20] 509 P.
30 Annika Pidde [GER]
77[40] 58[33] 54[30] 53[30] 51[30] 45[30] 42[30] 40[22] 39[22] 38[22] 37[22] 33[22] 31[22] 30[22] 27[22] 24[22] 22[22] 21[22] 29[20] 25[20] 505 P.
31 Roxana Wienand [GER]
58[33] 51[33] 53[30] 49[30] 47[30] 45[30] 41[30] 40[22] 39[22] 38[22] 37[22] 35[22] 33[22] 32[22] 30[22] 27[22] 23[22] 22[22] 21[22] 36[20] 500 P.
32 Jula Fiser [AUT]
58[33] 51[33] 49[33] 47[30] 45[30] 41[30] 40[22] 39[22] 38[22] 37[22] 36[22] 35[22] 31[22] 30[22] 28[22] 25[22] 23[22] 22[22] 21[22] 27[20] 495 P.
33 Rebeca Pérez Duato [ESP]
77[40] 58[33] 51[33] 47[30] 41[30] 39[22] 38[22] 37[22] 35[22] 33[22] 31[22] 30[22] 28[22] 27[22] 25[22] 24[22] 23[22] 22[22] 21[22] 32[20] 494 P.
34 Tara Hayes [GBR]
58[33] 51[33] 45[33] 41[33] 53[30] 50[30] 40[22] 38[22] 37[22] 31[22] 30[22] 28[22] 27[22] 22[22] 21[22] 39[20] 35[20] 33[20] 32[20] 23[20] 490 P.
35 Robin Casey [GBR]
74[40] 58[33] 41[33] 53[30] 39[22] 38[22] 37[22] 36[22] 33[22] 30[22] 29[22] 27[22] 24[22] 23[22] 22[22] 21[22] 40[20] 32[20] 31[20] 25[20] 480 P.
36 Amelie Kühne [GER]
58[33] 53[30] 51[30] 45[30] 41[30] 40[22] 39[22] 38[22] 37[22] 36[22] 35[22] 33[22] 32[22] 31[22] 30[22] 27[22] 23[22] 21[22] 28[20] 25[20] 479 P.
36 Kaja Händler [GER]
58[33] 51[33] 41[33] 53[30] 40[22] 39[22] 38[22] 37[22] 36[22] 35[22] 34[22] 33[22] 32[22] 30[22] 29[22] 27[22] 23[22] 22[22] 21[22] 25[20] 479 P.
38 Käthe Atkins [GER]
58[33] 51[33] 53[30] 47[30] 41[30] 40[22] 39[22] 38[22] 37[22] 35[22] 33[22] 32[22] 30[22] 28[22] 27[22] 22[22] 36[20] 25[20] 24[20] 21[20] 478 P.
39 Hannah Pongratz [GER]
58[33] 53[33] 51[33] 46[30] 40[22] 39[22] 38[22] 37[22] 35[22] 33[22] 32[22] 31[22] 30[22] 28[22] 27[22] 22[22] 21[22] 29[20] 25[20] 24[20] 475 P.
40 Florence Grünewald [GER]
58[30] 53[30] 51[30] 41[30] 40[22] 39[22] 37[22] 36[22] 33[22] 32[22] 31[22] 30[22] 28[22] 27[22] 25[22] 24[22] 22[22] 21[22] 38[20] 29[20] 468 P.
41 Elena Veretennikova [BLR]
77[40] 58[30] 53[30] 41[30] 40[22] 39[22] 38[22] 37[22] 33[22] 30[22] 27[22] 21[22] 36[20] 32[20] 31[20] 29[20] 23[20] 22[20] 18[11] 15[11] 448 P.
42 Sara Werthmüller [SUI]
58[33] 51[33] 53[30] 47[30] 45[30] 40[22] 39[22] 38[22] 37[22] 35[22] 30[22] 27[22] 22[22] 21[22] 31[20] 25[20] 23[20] 20[11] 18[11] 16[11] 447 P.
climbercontest.de
Page 2/8
Result Studio Bloc Masters 2019 (Qualifikation)
Time: 23.03.2019 - 19:37
female
43 Jana Svoboda [GER]
58[30] 53[30] 41[30] 40[22] 37[22] 33[22] 29[22] 27[22] 22[22] 21[22] 39[20] 36[20] 35[20] 32[20] 31[20] 30[20] 26[20] 25[20] 24[20] 23[20] 444 P.
44 Noa Rosanna Glauser [SUI]
58[33] 54[30] 53[30] 51[30] 40[22] 39[22] 36[22] 33[22] 30[22] 27[22] 23[22] 22[22] 34[20] 31[20] 29[20] 28[20] 25[20] 21[20] 18[11] 16[11] 441 P.
45 Marilu Sommer [SUI]
58[33] 53[30] 51[30] 41[30] 40[22] 39[22] 38[22] 37[22] 36[22] 30[22] 28[22] 27[22] 23[22] 22[22] 21[22] 35[20] 32[20] 17[11] 16[11] 15[11] 438 P.
46 Evgeniia Lavrushkina [RUS]
77[40] 58[33] 53[30] 41[30] 40[22] 38[22] 37[22] 33[22] 30[22] 27[22] 23[22] 22[22] 21[22] 39[20] 31[20] 29[20] 20[11] 18[11] 15[11] 14[11] 435 P.
47 Lili Cornely [GER]
51[33] 58[30] 53[30] 40[22] 39[22] 38[22] 36[22] 35[22] 30[22] 27[22] 34[20] 33[20] 32[20] 31[20] 24[20] 23[20] 22[20] 21[20] 16[11] 6[11] 429 P.
47 Luise Svensson [GER]
58[30] 53[30] 46[30] 40[22] 39[22] 36[22] 35[22] 33[22] 31[22] 30[22] 27[22] 21[22] 38[20] 37[20] 34[20] 32[20] 23[20] 22[20] 1[11] 19[10] 429 P.
49 Jordan Skrok [CAN]
58[30] 53[30] 40[22] 39[22] 38[22] 37[22] 31[22] 30[22] 29[22] 27[22] 25[22] 23[22] 22[22] 21[22] 36[20] 34[20] 33[20] 32[20] 16[11] 14[11] 426 P.
50 Pleun Frank [NED]
58[33] 57[30] 53[30] 51[30] 41[30] 40[22] 37[22] 35[22] 33[22] 31[22] 27[22] 22[22] 30[20] 24[20] 23[20] 18[11] 17[11] 14[11] 11[11] 6[11] 422 P.
51 Luisa Thomas [GER]
58[33] 41[30] 40[22] 39[22] 38[22] 37[22] 36[22] 31[22] 30[22] 27[22] 22[22] 21[22] 34[20] 33[20] 29[20] 25[20] 23[20] 11[11] 3[11] 1[11] 416 P.
52 Ilia Wieland [SUI]
58[30] 53[30] 51[30] 40[22] 39[22] 38[22] 37[22] 33[22] 31[22] 30[22] 27[22] 21[22] 35[20] 32[20] 23[20] 22[20] 20[11] 16[11] 12[11] 9[11] 412 P.
53 Aina Langenkamp [SUI]
58[33] 40[22] 39[22] 38[22] 37[22] 33[22] 31[22] 30[22] 27[22] 25[22] 35[20] 34[20] 32[20] 29[20] 28[20] 23[20] 19[11] 16[11] 8[11] 6[11] 395 P.
54 Wiebke Weber [GER]
58[30] 40[22] 37[22] 36[22] 35[22] 33[22] 30[22] 28[22] 27[22] 22[22] 21[22] 39[20] 32[20] 31[20] 29[20] 23[20] 20[11] 12[11] 11[11] 9[11] 394 P.
55 Emma Bernhard [GER]
58[33] 40[22] 39[22] 37[22] 35[22] 34[22] 33[22] 32[22] 30[22] 27[22] 22[22] 21[22] 31[20] 29[20] 23[20] 16[11] 15[11] 14[11] 11[11] 6[11] 390 P.
56 Evialina Yakimovich [USA]
58[30] 51[30] 40[22] 39[22] 38[22] 35[22] 30[22] 27[22] 22[22] 37[20] 32[20] 31[20] 29[20] 23[20] 21[20] 20[11] 18[11] 17[11] 16[11] 15[11] 389 P.
56 Friederike Traub [GER]
58[30] 53[30] 40[22] 39[22] 38[22] 37[22] 33[22] 30[22] 27[22] 36[20] 31[20] 29[20] 25[20] 23[20] 21[20] 20[11] 18[11] 15[11] 11[11] 6[11] 389 P.
56 Milena Poniewozik [POL]
77[40] 58[33] 54[30] 42[30] 40[22] 38[22] 30[22] 27[22] 21[22] 37[20] 35[20] 22[20] 18[11] 15[11] 12[11] 10[11] 9[11] 6[11] 20[10] 16[10] 389 P.
59 Jael Gerber [SUI]
58[33] 40[22] 39[22] 37[22] 36[22] 35[22] 30[22] 28[22] 27[22] 22[22] 21[22] 31[20] 29[20] 25[20] 16[11] 12[11] 11[11] 10[11] 9[11] 6[11] 379 P.
60 Justine Mccarney [CAN]
58[33] 53[30] 40[22] 39[22] 38[22] 33[22] 31[22] 30[22] 27[22] 22[22] 36[20] 29[20] 21[20] 20[11] 18[11] 16[11] 15[11] 13[11] 12[11] 10[11] 376 P.
61 Franziska Kohl [GER]
53[30] 41[30] 38[22] 33[22] 30[22] 27[22] 22[22] 40[20] 39[20] 37[20] 31[20] 29[20] 21[20] 18[11] 17[11] 12[11] 11[11] 10[11] 8[11] 4[11] 367 P.
62 Ladina Gebert [SUI]
58[30] 37[22] 33[22] 31[22] 30[22] 22[22] 40[20] 39[20] 38[20] 35[20] 29[20] 27[20] 23[20] 21[20] 20[11] 18[11] 16[11] 15[11] 14[11] 6[11] 366 P.
63 Lujza Michalkova [SVK]
40[22] 38[22] 35[22] 33[22] 31[22] 30[22] 27[22] 22[22] 39[20] 37[20] 36[20] 32[20] 28[20] 21[20] 20[11] 17[11] 15[11] 14[11] 11[11] 9[11] 362 P.
climbercontest.de
Page 3/8
Result Studio Bloc Masters 2019 (Qualifikation)
Time: 23.03.2019 - 19:37
female
64 Palina Chuiko [BLR]
53[30] 40[22] 35[22] 30[22] 28[22] 27[22] 22[22] 39[20] 37[20] 32[20] 31[20] 23[20] 21[20] 20[11] 18[11] 15[11] 14[11] 10[11] 9[11] 6[11] 359 P.
65 Lena Gockel [GER]
58[30] 40[22] 37[22] 27[22] 21[22] 39[20] 38[20] 35[20] 33[20] 31[20] 30[20] 29[20] 22[20] 13[11] 12[11] 9[11] 6[11] 3[11] 2[11] 1[11] 355 P.
66 Lene Reiter [GER]
40[22] 38[22] 36[22] 33[22] 31[22] 30[22] 39[20] 37[20] 35[20] 29[20] 27[20] 23[20] 21[20] 15[11] 14[11] 13[11] 9[11] 8[11] 6[11] 5[11] 349 P.
67 Valeria Villar [MEX]
40[22] 33[22] 30[22] 27[22] 22[22] 39[20] 38[20] 37[20] 34[20] 32[20] 29[20] 28[20] 26[20] 20[11] 17[11] 16[11] 15[11] 14[11] 9[11] 8[11] 347 P.
68 Annalisa Tognon [SUI]
40[22] 37[22] 33[22] 30[22] 27[22] 22[22] 21[22] 39[20] 38[20] 36[20] 29[20] 23[20] 20[11] 18[11] 17[11] 13[11] 11[11] 9[11] 8[11] 7[11] 342 P.
69 Isabella Nyhuus [DEN]
58[30] 53[30] 40[22] 33[22] 30[22] 27[22] 39[20] 38[20] 22[20] 21[20] 18[11] 17[11] 16[11] 15[11] 14[11] 12[11] 10[11] 4[11] 3[11] 1[11] 338 P.
70 Anouk Sennrich [SUI]
53[30] 40[22] 30[22] 22[22] 21[22] 37[20] 36[20] 35[20] 28[20] 27[20] 23[20] 20[11] 18[11] 15[11] 14[11] 12[11] 11[11] 10[11] 9[11] 6[11] 337 P.
71 Katerina Touriki [GRE]
37[22] 33[22] 31[22] 30[22] 29[22] 27[22] 22[22] 21[22] 40[20] 39[20] 38[20] 20[11] 18[11] 17[11] 16[11] 15[11] 14[11] 12[11] 11[11] 10[11] 335 P.
71 Sophie Stichert [GER]
40[22] 39[22] 38[22] 37[22] 33[22] 30[22] 27[22] 22[22] 32[20] 29[20] 23[20] 20[11] 15[11] 14[11] 11[11] 9[11] 6[11] 5[11] 3[11] 2[11] 335 P.
73 Julanda Peter [GER]
40[22] 39[22] 38[22] 35[22] 33[22] 30[22] 27[22] 22[22] 21[22] 37[20] 31[20] 23[20] 16[11] 12[11] 11[11] 6[11] 2[11] 1[11] 13[10] . 334 P.
74 Maria Ermanni [SUI]
37[22] 36[22] 33[22] 30[22] 27[22] 22[22] 21[22] 39[20] 31[20] 26[20] 20[11] 18[11] 15[11] 11[11] 10[11] 9[11] 8[11] 3[11] 17[10] 5[10] 322 P.
75 Karla Schmitz-Kolkmann [GER]
58[30] 40[22] 38[22] 37[22] 30[22] 22[22] 39[20] 27[20] 20[11] 18[11] 17[11] 15[11] 14[11] 11[11] 10[11] 9[11] 5[11] 3[11] 2[11] 1[11] 312 P.
76 Natalie Barton [CAN]
56[33] 40[22] 33[22] 29[22] 27[22] 32[20] 30[20] 25[20] 20[11] 15[11] 14[11] 12[11] 9[11] 8[11] 6[11] 4[11] 3[11] 1[11] 18[10] 17[10] 311 P.
77 Klaudia Buczek [POL]
58[33] 51[33] 54[30] 40[22] 37[22] 35[22] 30[22] 39[20] 38[20] 23[20] 18[11] 15[11] 12[11] 9[11] 20[10] 10[10] . . . . 308 P.
78 India Sommer [SUI]
40[22] 38[22] 30[22] 37[20] 35[20] 33[20] 27[20] 23[20] 22[20] 18[11] 17[11] 15[11] 14[11] 12[11] 11[11] 10[11] 9[11] 8[11] 6[11] 5[11] 307 P.
79 Franka John [GER]
39[22] 33[22] 31[22] 30[22] 27[22] 22[22] 40[20] 38[20] 20[11] 18[11] 15[11] 14[11] 13[11] 12[11] 11[11] 10[11] 9[11] 6[11] 3[11] 2[11] 304 P.
79 Julia Thietz [GER]
53[30] 38[22] 30[22] 40[20] 37[20] 33[20] 27[20] 21[20] 18[11] 15[11] 14[11] 12[11] 10[11] 9[11] 6[11] 5[11] 3[11] 2[11] 20[10] 11[10] 304 P.
79 Mariana Almeida [POR]
39[22] 33[22] 31[22] 30[22] 27[22] 21[22] 40[20] 36[20] 20[11] 18[11] 15[11] 14[11] 12[11] 11[11] 9[11] 6[11] 5[11] 3[11] 2[11] 1[11] 304 P.
82 Sophie Henrich [GER]
40[22] 37[22] 33[22] 30[22] 27[22] 36[20] 29[20] 21[20] 20[11] 18[11] 14[11] 12[11] 11[11] 10[11] 9[11] 6[11] 3[11] 2[11] 1[11] 15[10] 301 P.
83 Isabelle Kammer [GER]
38[22] 33[22] 30[22] 22[22] 40[20] 39[20] 37[20] 27[20] 20[11] 18[11] 17[11] 16[11] 15[11] 14[11] 13[11] 12[11] 11[11] 10[11] 9[11] 8[11] 300 P.
84 Linda Mathilde Wuhrer [GER]
41[30] 40[22] 33[22] 30[22] 38[20] 31[20] 27[20] 20[11] 18[11] 15[11] 14[11] 12[11] 11[11] 10[11] 9[11] 6[11] 5[11] 4[11] 3[11] 1[11] 299 P.
climbercontest.de
Page 4/8
Result Studio Bloc Masters 2019 (Qualifikation)
Time: 23.03.2019 - 19:37
female
85 Shif Ben Avraham [ISR]
30[22] 27[22] 40[20] 38[20] 33[20] 23[20] 22[20] 21[20] 20[11] 15[11] 12[11] 11[11] 9[11] 6[11] 4[11] 3[11] 2[11] 1[11] 18[10] 7[10] 294 P.
86 Lilly Neubürger [GER]
40[22] 33[22] 30[22] 27[22] 21[22] 38[20] 36[20] 18[11] 15[11] 14[11] 12[11] 10[11] 9[11] 6[11] 5[11] 4[11] 3[11] 2[11] 1[11] 20[10] 292 P.
87 Sylwia Buczek [POL]
58[33] 51[33] 53[30] 45[30] 40[22] 37[22] 35[22] 23[22] 22[22] 20[11] 14[11] 12[11] 10[11] 9[11] . . . . . . 291 P.
88 Giada Ghisolfi [ITA]
40[22] 33[22] 30[22] 21[22] 38[20] 27[20] 22[20] 20[11] 15[11] 14[11] 12[11] 11[11] 9[11] 6[11] 5[11] 4[11] 3[11] 2[11] 1[11] 17[10] 290 P.
89 Alina Franz [GER]
30[22] 27[22] 39[20] 38[20] 33[20] 22[20] 21[20] 20[11] 18[11] 15[11] 14[11] 12[11] 11[11] 9[11] 6[11] 4[11] 3[11] 2[11] 1[11] 7[10] 286 P.
90 Lara Bäzol [GER]
40[22] 33[22] 30[22] 27[22] 22[22] 24[20] 20[11] 18[11] 15[11] 14[11] 13[11] 11[11] 9[11] 6[11] 5[11] 4[11] 3[11] 2[11] 1[11] 12[10] 283 P.
91 Sophia Mattheiss [SUI]
40[22] 38[22] 36[22] 33[22] 27[22] 21[22] 18[11] 15[11] 14[11] 12[11] 11[11] 10[11] 9[11] 5[11] 3[11] 1[11] 7[10] 6[10] 4[10] 2[10] 282 P.
92 Melanie Jackson [NZL]
40[22] 30[22] 27[22] 22[22] 38[20] 31[20] 18[11] 17[11] 15[11] 14[11] 12[11] 10[11] 9[11] 8[11] 6[11] 4[11] 3[11] 2[11] 1[11] 20[10] 281 P.
93 Anna-Mengia Kuhn [SUI]
38[22] 33[22] 30[22] 21[22] 40[20] 37[20] 18[11] 15[11] 14[11] 12[11] 11[11] 9[11] 8[11] 6[11] 3[11] 2[11] 1[11] 20[10] 10[10] 7[10] 279 P.
94 Alana Mayor [SUI]
33[22] 30[22] 40[20] 39[20] 38[20] 21[20] 20[11] 18[11] 15[11] 12[11] 11[11] 6[11] 5[11] 4[11] 3[11] 2[11] 1[11] 14[10] 10[10] 9[10] 275 P.
95 Annett Sommer [SUI]
40[22] 38[22] 33[22] 30[22] 27[22] 20[11] 18[11] 15[11] 14[11] 12[11] 11[11] 9[11] 6[11] 4[11] 3[11] 2[11] 1[11] 10[10] 7[10] 5[10] 272 P.
96 Paula Burggraf [GER]
30[22] 27[22] 22[22] 33[20] 29[20] 18[11] 15[11] 14[11] 12[11] 9[11] 7[11] 6[11] 5[11] 4[11] 3[11] 2[11] 1[11] 20[10] 11[10] 10[10] 268 P.
97 Sarah Seewald [GER]
40[22] 37[22] 33[22] 30[22] 20[11] 18[11] 17[11] 16[11] 15[11] 12[11] 11[11] 10[11] 9[11] 7[11] 6[11] 4[11] 3[11] 2[11] 1[11] . 253 P.
98 Anna Jenner [GER]
40[22] 33[22] 30[22] 22[20] 20[11] 18[11] 15[11] 14[11] 12[11] 9[11] 6[11] 5[11] 3[11] 2[11] 1[11] 11[10] 10[10] 7[10] . . 237 P.
99 Luisa Wennemann [GER]
46[30] 35[22] 30[22] 27[22] 22[22] 21[22] 31[20] 20[11] 19[11] 16[11] 5[11] 17[10] 13[10] . . . . . . . 224 P.
100 Ingrid Husanu [GER]
38[22] 30[22] 33[20] 27[20] 18[11] 15[11] 12[11] 9[11] 6[11] 4[11] 3[11] 2[11] 1[11] 20[10] 14[10] 10[10] 5[10] . . . 223 P.
101 Lara Mertens [LUX]
40[22] 30[22] 27[22] 38[20] 20[11] 18[11] 15[11] 14[11] 12[11] 10[11] 9[11] 6[11] 4[11] 3[11] 2[11] 1[11] . . . . 218 P.
102 Lea Beltzig [GER]
30[22] 29[22] 21[22] 33[20] 20[11] 18[11] 15[11] 11[11] 10[11] 9[11] 3[11] 2[11] 1[11] 7[10] 5[10] 4[10] . . . . 215 P.
103 Tina Heßelmann [GER]
33[22] 30[22] 27[22] 18[11] 15[11] 12[11] 9[11] 6[11] 3[11] 2[11] 1[11] 20[10] 14[10] 10[10] 7[10] 5[10] 4[10] . . . 214 P.
104 Mirta Baranovic [GER]
40[22] 33[22] 30[22] 20[11] 18[11] 16[11] 15[11] 14[11] 11[11] 10[11] 9[11] 6[11] 5[11] 3[11] 2[11] 1[11] . . . . 209 P.
105 Katja Bayoudia [GER]
40[22] 30[22] 38[20] 22[20] 20[11] 18[11] 15[11] 14[11] 12[11] 10[11] 9[11] 6[11] 3[11] 2[11] 1[11] . . . . . 205 P.
climbercontest.de
Page 5/8
Result Studio Bloc Masters 2019 (Qualifikation)
Time: 23.03.2019 - 19:37
female
105 Tara Valdman [GER]
30[22] 27[22] 38[20] 20[11] 18[11] 15[11] 14[11] 12[11] 11[11] 9[11] 6[11] 3[11] 2[11] 1[11] 10[10] 4[10] . . . . 205 P.
107 Katrin Hartmann [GER]
30[22] 40[20] 33[20] 27[20] 18[11] 15[11] 12[11] 9[11] 6[11] 3[11] 2[11] 1[11] 20[10] 10[10] 7[10] . . . . . 200 P.
108 Noemie Bourscheid [LUX]
38[22] 30[22] 27[22] 20[11] 18[11] 15[11] 9[11] 6[11] 5[11] 3[11] 2[11] 1[11] 14[10] 12[10] 10[10] . . . . . 195 P.
109 Beatriz Pimentel [POR]
30[22] 27[22] 22[22] 33[20] 18[11] 14[11] 12[11] 9[11] 6[11] 3[11] 2[11] 1[11] 15[10] 11[10] . . . . . . 194 P.
110 Lena Kammer [GER]
30[22] 27[22] 18[11] 15[11] 12[11] 11[11] 9[11] 6[11] 4[11] 3[11] 2[11] 1[11] 20[10] 14[10] 7[10] . . . . . 184 P.
111 Susanne Rothbauer [GER]
30[22] 27[20] 20[11] 15[11] 12[11] 10[11] 9[11] 6[11] 3[11] 2[11] 1[11] 18[10] 14[10] 7[10] 5[10] . . . . . 181 P.
112 Floriane Lignet [FRA]
30[22] 27[22] 18[11] 15[11] 12[11] 9[11] 6[11] 4[11] 3[11] 2[11] 1[11] 20[10] 14[10] 7[10] . . . . . . 173 P.
113 Hannah Thomas [GER]
30[22] 40[20] 21[20] 18[11] 15[11] 14[11] 12[11] 9[11] 6[11] 2[11] 1[11] 20[10] 5[10] . . . . . . . 170 P.
114 Elisa Rupp [GER]
33[22] 30[22] 27[22] 18[11] 15[11] 12[11] 9[11] 3[11] 2[11] 1[11] 10[10] 5[10] . . . . . . . . 163 P.
114 Julia Kammer [GER]
30[22] 27[22] 18[11] 15[11] 12[11] 9[11] 6[11] 4[11] 3[11] 2[11] 1[11] 20[10] 14[10] . . . . . . . 163 P.
116 Daniela Detter [GER]
30[22] 18[11] 15[11] 14[11] 12[11] 11[11] 9[11] 6[11] 3[11] 2[11] 1[11] 20[10] 10[10] 7[10] . . . . . . 162 P.
116 Wiebke Bartenwerfer [GER]
30[22] 27[22] 18[11] 15[11] 12[11] 9[11] 6[11] 3[11] 2[11] 1[11] 20[10] 7[10] 5[10] . . . . . . . 162 P.
118 Bignia Ryffel [SUI]
30[22] 33[20] 20[11] 18[11] 14[11] 12[11] 9[11] 6[11] 3[11] 2[11] 1[11] 15[10] 10[10] . . . . . . . 161 P.
119 Susanna Lucke [GER]
30[22] 33[20] 18[11] 15[11] 12[11] 9[11] 6[11] 3[11] 2[11] 1[11] 20[10] 14[10] 10[10] . . . . . . . 160 P.
120 Maggie Bourscheid [LUX]
33[20] 30[20] 21[20] 18[11] 15[11] 12[11] 3[11] 2[11] 1[11] 20[10] 6[10] 4[10] . . . . . . . . 156 P.
121 Melanie Hack [GER]
38[22] 30[20] 18[11] 15[11] 9[11] 3[11] 2[11] 1[11] 20[10] 7[10] 6[10] 5[10] . . . . . . . . 148 P.
122 Christina Wensky [GER]
33[20] 18[11] 15[11] 12[11] 9[11] 3[11] 2[11] 1[11] 20[10] 11[10] 10[10] 6[10] 4[10] . . . . . . . 147 P.
123 Chiara Castellano [ITA]
30[22] 18[11] 15[11] 9[11] 6[11] 3[11] 2[11] 1[11] 20[10] 13[10] 11[10] 4[10] . . . . . . . . 139 P.
123 Franziska Wehrle [GER]
27[22] 30[20] 18[11] 14[11] 12[11] 9[11] 3[11] 2[11] 1[11] 20[10] 15[10] . . . . . . . . . 139 P.
123 Sonja Pongratz [GER]
30[20] 20[11] 18[11] 15[11] 12[11] 9[11] 6[11] 3[11] 2[11] 1[11] 11[10] 10[10] . . . . . . . . 139 P.
126 Giulia Baracchini [ITA]
40[20] 30[20] 21[20] 18[11] 15[11] 12[11] 9[11] 3[11] 20[10] 14[10] . . . . . . . . . . 135 P.
climbercontest.de
Page 6/8
Result Studio Bloc Masters 2019 (Qualifikation)
Time: 23.03.2019 - 19:37
female
127 Manuela Kühn [GER]
30[22] 18[11] 12[11] 9[11] 6[11] 3[11] 1[11] 20[10] 15[10] 14[10] 2[10] . . . . . . . . . 128 P.
128 Mina Bruder [GER]
30[22] 36[20] 10[11] 9[11] 6[11] 3[11] 1[11] 12[10] 8[10] 5[10] . . . . . . . . . . 127 P.
129 Sonja Wettach [GER]
40[20] 14[11] 9[11] 8[11] 6[11] 2[11] 1[11] 20[10] 18[10] 12[10] 11[10] . . . . . . . . . 126 P.
130 Anika Luna Schmitt [GER]
30[22] 18[11] 15[11] 12[11] 10[11] 9[11] 6[11] 3[11] 2[11] 1[11] . . . . . . . . . . 121 P.
131 Eve Florentin [LUX]
18[11] 15[11] 12[11] 9[11] 5[11] 2[11] 1[11] 14[10] 6[10] 3[10] . . . . . . . . . . 107 P.
132 Jana Deuring [GER]
30[20] 18[11] 15[11] 12[11] 3[11] 2[11] 1[11] 20[10] 9[10] . . . . . . . . . . . 106 P.
133 Hannah Fuchs [GER]
30[20] 12[11] 9[11] 1[11] 20[10] 18[10] 15[10] 6[10] 2[10] . . . . . . . . . . . 103 P.
134 Franziska Scheibel [GER]
27[20] 15[11] 12[11] 9[11] 3[11] 1[11] 6[10] 2[10] . . . . . . . . . . . . 95 P.
135 Arantxa Benavent Barrero [ESP]
27[22] 15[11] 12[11] 9[11] 3[11] 2[11] 1[11] . . . . . . . . . . . . . 88 P.
136 Marie Bender [GER]
12[11] 9[11] 3[11] 2[11] 1[11] 15[10] 6[10] 4[10] . . . . . . . . . . . . 85 P.
136 Nicole Gabriel [GER]
30[20] 12[11] 6[11] 3[11] 2[11] 1[11] 20[10] . . . . . . . . . . . . . 85 P.
138 Antje Paul [GER]
20[11] 15[11] 12[11] 3[11] 2[11] 1[11] 9[10] . . . . . . . . . . . . . 76 P.
138 Deike Stemmer [GER]
15[11] 12[11] 9[11] 3[11] 2[11] 1[11] 20[10] . . . . . . . . . . . . . 76 P.
140 Annika Draudt [GER]
15[11] 12[11] 3[11] 2[11] 1[11] 18[10] 9[10] . . . . . . . . . . . . . 75 P.
141 Carolin Binder [GER]
9[11] 6[11] 3[11] 1[11] 20[10] 12[10] 2[10] . . . . . . . . . . . . . 74 P.
141 Luisa Bruder [GER]
9[11] 6[11] 3[11] 1[11] 20[10] 12[10] 5[10] . . . . . . . . . . . . . 74 P.
143 Antonia Bauer [GER]
15[11] 9[11] 12[10] 5[10] 4[10] 3[10] 1[10] . . . . . . . . . . . . . 72 P.
143 Katarzyna Karpa [POL]
38[20] 30[20] 6[11] 1[11] 9[10] . . . . . . . . . . . . . . . 72 P.
145 Viviana Lucke [GER]
15[11] 12[11] 9[11] 3[11] 2[11] 1[11] . . . . . . . . . . . . . . 66 P.
146 Natércia Crisanto [POR]
9[11] 3[11] 1[11] 20[10] 15[10] 6[10] . . . . . . . . . . . . . . 63 P.
147 Daniela Diesbach Kuebler [GER]
9[11] 5[11] 3[11] 1[11] 12[10] . . . . . . . . . . . . . . . 54 P.
climbercontest.de
Page 7/8
Result Studio Bloc Masters 2019 (Qualifikation)
Time: 23.03.2019 - 19:37
female
148 Antigoni Kyrousi [GRE]
2[11] 1[11] 9[10] 6[10] 3[10] . . . . . . . . . . . . . . . 52 P.
149 Ronja Völkner [GER]
3[11] 1[10] . . . . . . . . . . . . . . . . . . 21 P.
